# Target erosion - outer     : b2mn     B2.5 bjb99/7 SOLPS-ITER  2019-10-17  16:25 bonninx ITER#2399_(F57-100-Ne_0.6%-Be0,_tau=0.31e-6,_ntime=150)     
# x	 : coordinate along target [m]. <0 in PFR
# XX_flux_atm	 : incident flux of neutral atoms of species XX [1/m^2/s]
# XX_flux_ion	 : incident flux of ions of species XX [1/m^2/s]
# XX_temp_atm	 : temperature of neutral atoms of species XX [eV]
# XX_pres_atm	 : pressure of neutral atoms of species XX [Pa]
# XX_flux_mol	 : incident flux of molecules XX [1/m^2/s]
# XX_pres_mol	 : pressure of molecules XX [Pa]
# XX_sput	 : gross sputtering of material XX [g/y]
# XX_ersn	 : gross erosion of material XX [mm/y]
# xMP	 : radial coordinate in midplane (IMP for inner target(s), OMP for outer(s)) [m]
#           x	 D_flux_atm 	 D_temp_atm 	 D_pres_atm 	 He_flux_atm	 He_temp_atm	 He_pres_atm	 Ne_flux_atm	 Ne_temp_atm	 Ne_pres_atm	 D_flux_ion 	 He_flux_ion	 Ne_flux_ion	 D2_flux_mol	 D2_pres_mol	         xMP	
-1.03535E-01	 3.45031E+21	 6.15284E-01	 3.01170E-02	 5.69881E+19	 1.79294E-01	 1.41163E-03	 3.13710E+20	 1.16152E-01	 2.19467E-02	 2.79838E+21	 1.48869E+19	 8.64070E+18	 1.34750E+23	 3.97727E+00	-3.12334E-01	
-9.20605E-02	 1.32125E+21	 6.13984E-01	 1.61776E-02	 2.86607E+19	 3.06647E-01	 3.65284E-02	 3.92661E+20	 1.44047E-01	 3.18666E-02	 5.47376E+21	 2.60410E+19	 1.50209E+19	 1.24040E+23	 4.14411E+00	-2.92840E-01	
-8.06465E-02	 9.37611E+21	 7.87690E-01	 5.21974E-01	 1.17695E+21	 4.65457E-01	 8.83370E-03	 2.24836E+20	 1.54051E-01	 1.62830E-02	 8.10695E+21	 3.35084E+19	 1.91003E+19	 1.27464E+23	 4.35730E+00	-2.72466E-01	
-6.94364E-02	 5.18169E+21	 7.00823E-01	 3.20421E-01	 2.97672E+19	 7.60787E-01	 4.67218E-03	 1.93040E+20	 2.08118E-01	 2.03100E-02	 1.59216E+22	 5.88823E+19	 3.29230E+19	 1.21242E+23	 5.17619E+00	-2.51176E-01	
-5.85124E-02	 8.71015E+21	 6.07308E-01	 2.06008E-01	 1.11011E+21	 4.26932E-01	 3.31401E-02	 1.66584E+20	 2.20653E-01	 1.69376E-02	 2.44112E+22	 8.37192E+19	 4.55450E+19	 1.56173E+23	 7.63802E+00	-2.29260E-01	
-4.80259E-02	 1.65142E+22	 5.54418E-01	 6.76946E-01	 0.00000E+00	 1.00001E-06	 0.00000E+00	 1.48027E+20	 2.63209E-01	 2.18833E-02	 4.51292E+22	 1.47421E+20	 7.76029E+19	 1.54249E+23	 7.46575E+00	-2.06601E-01	
-3.81088E-02	 3.70539E+22	 8.25572E-01	 1.70369E+00	 1.01573E+20	 1.99926E-01	 3.71635E-03	 1.58305E+20	 3.48280E-01	 3.16839E-02	 7.30453E+22	 2.34385E+20	 1.18724E+20	 1.84608E+23	 1.21974E+01	-1.82801E-01	
-2.88573E-02	 7.92436E+22	 8.57993E-01	 4.03717E+00	 0.00000E+00	 1.00001E-06	 0.00000E+00	 1.72025E+20	 3.42138E-01	 4.43085E-02	 1.28797E+23	 4.05367E+20	 1.96316E+20	 2.28321E+23	 1.53994E+01	-1.58261E-01	
-2.05470E-02	 1.30253E+23	 9.82794E-01	 9.04894E+00	 0.00000E+00	 1.00001E-06	 0.00000E+00	 3.08854E+20	 3.57069E-01	 5.86974E-02	 2.09586E+23	 6.60723E+20	 3.05086E+20	 3.39572E+23	 2.25581E+01	-1.32590E-01	
-1.31953E-02	 2.60810E+23	 1.08279E+00	 1.72793E+01	 0.00000E+00	 5.14010E-01	 3.51011E-02	 3.41101E+20	 4.20748E-01	 8.36460E-02	 3.24150E+23	 1.02526E+21	 4.51455E+20	 4.55453E+23	 3.84586E+01	-1.05325E-01	
-6.94852E-03	 4.67967E+23	 1.15667E+00	 3.21199E+01	 2.45737E+21	 6.87648E-01	 3.45397E-01	 3.74293E+20	 5.13591E-01	 1.15771E-01	 4.83415E+23	 1.51675E+21	 6.40627E+20	 7.31898E+23	 5.80303E+01	-7.58445E-02	
-2.07704E-03	 6.74568E+23	 1.24378E+00	 5.97171E+01	 0.00000E+00	 7.15312E-01	 8.97272E-02	 5.81527E+20	 5.70912E-01	 1.44022E-01	 6.29441E+23	 1.96327E+21	 8.05340E+20	 9.10106E+23	 6.69867E+01	-3.01534E-02	
 4.33180E-03	 1.02798E+24	 1.62537E+00	 8.73989E+01	 2.81582E+21	 1.17924E+00	 3.67046E-01	 4.68139E+20	 6.17246E-01	 1.45921E-01	 7.58839E+23	 2.23650E+21	 8.91719E+20	 8.69331E+23	 6.12085E+01	 6.19712E-04	
 1.52975E-02	 1.44008E+24	 2.65191E+00	 1.22673E+02	 1.94717E+21	 8.35328E-01	 3.07356E-01	 2.61180E+20	 9.74064E-01	 1.60691E-01	 1.15824E+24	 2.21929E+21	 9.87099E+20	 4.05359E+23	 2.59645E+01	 2.16424E-03	
 3.06837E-02	 5.24890E+23	 4.13741E+00	 5.07474E+01	 1.49797E+21	 1.27442E+00	 1.17861E-01	 7.44898E+18	 9.84314E-01	 3.53445E-02	 9.24380E+23	 3.45883E+20	 2.22255E+20	 4.27586E+22	 2.46645E+00	 4.27629E-03	
 5.03633E-02	 2.33573E+23	 4.47985E+00	 2.73133E+01	 0.00000E+00	 1.00001E-06	 0.00000E+00	 3.43413E+18	 6.38014E-01	 1.97471E-02	 5.77183E+23	 7.48575E+19	 1.86953E+20	 1.39379E+22	 1.16038E+00	 6.89567E-03	
 7.44887E-02	 1.93344E+23	 4.41276E+00	 2.68984E+01	 0.00000E+00	 1.00001E-06	 0.00000E+00	 6.56686E+18	 9.01320E-01	 3.17945E-02	 4.50092E+23	 3.54424E+19	 2.24519E+20	 1.44612E+22	 1.40596E+00	 9.97885E-03	
 1.03271E-01	 2.16321E+23	 4.56272E+00	 2.96576E+01	 0.00000E+00	 1.00001E-06	 0.00000E+00	 1.85244E+19	 1.01483E+00	 8.94974E-02	 3.59106E+23	 6.71628E+19	 5.32262E+20	 2.01130E+22	 2.19585E+00	 1.34739E-02	
 1.36993E-01	 1.70171E+23	 4.18495E+00	 2.46577E+01	 0.00000E+00	 1.00001E-06	 0.00000E+00	 2.88848E+19	 1.14658E+00	 1.11330E-01	 2.65595E+23	 1.38885E+20	 5.61658E+20	 1.72654E+22	 2.12112E+00	 1.73291E-02	
 1.76414E-01	 1.23440E+23	 4.10496E+00	 1.92042E+01	 0.00000E+00	 1.00001E-06	 0.00000E+00	 1.99118E+19	 1.03662E+00	 1.17841E-01	 1.82058E+23	 2.38968E+20	 6.82013E+20	 1.06706E+22	 1.71214E+00	 2.14926E-02	
 2.22747E-01	 7.66956E+22	 4.50278E+00	 1.21860E+01	 0.00000E+00	 1.15260E-01	 4.02266E-03	 1.80294E+19	 9.87180E-01	 1.06781E-01	 1.15555E+23	 3.52452E+20	 6.27079E+20	 9.36165E+21	 1.24871E+00	 2.59135E-02	
 2.78238E-01	 4.36347E+22	 4.60831E+00	 7.23159E+00	 0.00000E+00	 1.94804E-01	 2.63391E-03	 1.15952E+19	 7.60003E-01	 6.36987E-02	 6.95291E+22	 4.15871E+20	 4.63299E+20	 3.73902E+21	 7.42952E-01	 3.05443E-02	
 3.35005E-01	 2.92724E+22	 5.25427E+00	 5.82574E+00	 0.00000E+00	 1.86081E-01	 6.23996E-03	 1.06490E+19	 7.61159E-01	 6.69976E-02	 5.69857E+22	 5.20479E+20	 4.29577E+20	 4.13454E+21	 4.77468E-01	 3.53323E-02	
 3.99317E-01	 1.41212E+22	 5.35337E+00	 2.92166E+00	 0.00000E+00	 9.26995E-01	 2.75245E-02	 4.81071E+18	 6.46717E-01	 3.28161E-02	 2.59566E+22	 3.62141E+20	 2.46948E+20	 1.02562E+21	 2.10025E-01	 4.02217E-02	
 5.20543E-01	 4.18896E+21	 5.44976E+00	 7.17909E-01	 0.00000E+00	 5.13618E-02	 5.03398E-03	 7.67977E+17	 6.96292E-01	 1.40872E-02	 7.99568E+21	 1.42780E+20	 1.00922E+20	 3.09285E+20	 8.61618E-02	 4.51628E-02	
 6.81332E-01	 2.38087E+21	 7.00796E+00	 4.80975E-01	 0.00000E+00	 1.00001E-06	 0.00000E+00	 4.13300E+17	 5.95282E-01	 9.94116E-03	 5.74968E+21	 1.16689E+20	 7.48564E+19	 1.95129E+20	 5.60105E-02	 5.01094E-02	
 8.46718E-01	 2.37957E+21	 3.88741E+00	 3.42345E-01	 0.00000E+00	 2.36908E-01	 7.02165E-04	 3.49053E+17	 4.74412E-01	 5.12765E-03	 3.15908E+21	 7.85302E+19	 4.27559E+19	 1.73665E+20	 3.65656E-02	 5.50328E-02	
 9.89119E-01	 7.55501E+20	 7.72720E+00	 1.55411E-01	 0.00000E+00	 4.54161E-02	 5.42555E-04	 3.15320E+17	 6.36141E-01	 5.05323E-03	 3.05098E+21	 8.35081E+19	 4.37219E+19	 5.99639E+19	 1.52451E-02	 5.98723E-02	
 1.07852E+00	 4.71899E+20	 6.55562E+00	 1.20798E-01	 0.00000E+00	 2.05177E-01	 2.16443E-03	 0.00000E+00	 6.18255E-01	 6.03611E-03	 3.06357E+21	 9.41999E+19	 4.63421E+19	 0.00000E+00	 8.20860E-03	 6.45480E-02	
 1.14254E+00	 6.60346E+20	 2.01529E+01	 2.08480E-01	 0.00000E+00	 2.21244E+01	 4.40760E-02	 0.00000E+00	 3.38262E-01	 3.21471E-03	 2.64560E+21	 8.46024E+19	 3.85783E+19	 0.00000E+00	 6.86879E-03	 6.90095E-02	
 1.19041E+00	 6.07802E+20	 9.63436E+00	 1.17958E-01	 0.00000E+00	 1.00001E-06	 0.00000E+00	 0.00000E+00	 4.47508E-01	 5.76285E-03	 2.90547E+21	 1.01692E+20	 4.60243E+19	 0.00000E+00	 8.90997E-03	 7.32049E-02	
 1.22419E+00	 8.51906E+20	 1.33357E+01	 2.34724E-01	 0.00000E+00	 1.00001E-06	 0.00000E+00	 0.00000E+00	 2.35704E-01	 4.92546E-03	 2.56212E+21	 8.69463E+19	 3.90392E+19	 2.15941E+20	 2.62413E-02	 7.70976E-02	
 1.25249E+00	 1.19607E+21	 9.68654E+00	 1.46244E-01	 0.00000E+00	 1.00001E-06	 0.00000E+00	 1.02686E+16	 3.94927E-01	 3.93478E-03	 1.75854E+21	 6.70138E+19	 3.01247E+19	 0.00000E+00	 9.94726E-03	 8.06382E-02	
 1.27694E+00	 5.56231E+20	 3.78944E+01	 1.03358E-01	 0.00000E+00	 1.00001E-06	 0.00000E+00	 0.00000E+00	 1.80515E-01	 8.51920E-04	 1.27628E+21	 4.95996E+19	 2.36126E+19	 0.00000E+00	 1.85245E-03	 8.37559E-02	
 1.29671E+00	 8.37847E+18	 1.27617E+01	 1.71724E-03	 0.00000E+00	 1.00001E-06	 0.00000E+00	 1.58341E+16	 1.52395E-01	 3.41578E-04	 9.20615E+20	 3.43337E+19	 1.52131E+19	 0.00000E+00	 6.57871E-03	 8.63932E-02	
 1.31017E+00	 6.28674E+20	 5.01729E+00	 1.30015E-01	 0.00000E+00	 1.00001E-06	 0.00000E+00	 0.00000E+00	 1.73443E-01	 2.38318E-04	 5.70924E+20	 2.09319E+19	 8.70984E+18	 3.05291E+18	 8.49014E-03	 8.84972E-02	
