# Target erosion - inner     : b2mn     B2.5 bjb99/7 SOLPS-ITER  2019-10-17  16:26 bonninx ITER#2400_(F57-100-Ne_0.6%-Be0,_tau=0.19e-6,_ntime=150)     
# x	 : coordinate along target [m]. <0 in PFR
# XX_flux_atm	 : incident flux of neutral atoms of species XX [1/m^2/s]
# XX_flux_ion	 : incident flux of ions of species XX [1/m^2/s]
# XX_temp_atm	 : temperature of neutral atoms of species XX [eV]
# XX_pres_atm	 : pressure of neutral atoms of species XX [Pa]
# XX_flux_mol	 : incident flux of molecules XX [1/m^2/s]
# XX_pres_mol	 : pressure of molecules XX [Pa]
# XX_sput	 : gross sputtering of material XX [g/y]
# XX_ersn	 : gross erosion of material XX [mm/y]
# xMP	 : radial coordinate in midplane (IMP for inner target(s), OMP for outer(s)) [m]
#           x	 D_flux_atm 	 D_temp_atm 	 D_pres_atm 	 He_flux_atm	 He_temp_atm	 He_pres_atm	 Ne_flux_atm	 Ne_temp_atm	 Ne_pres_atm	 D_flux_ion 	 He_flux_ion	 Ne_flux_ion	 D2_flux_mol	 D2_pres_mol	         xMP	
-8.92075E-02	 9.73403E+21	 2.58973E-01	 8.60673E-02	 0.00000E+00	 1.00001E-06	 0.00000E+00	 1.00707E+21	 1.22050E-01	 6.50089E-02	 5.06975E+20	 1.52000E+19	 7.18052E+18	 5.01022E+23	 1.46263E+01	-3.12334E-01	
-7.91424E-02	 2.95682E+19	 1.15108E-01	 4.61757E-04	 0.00000E+00	 1.00001E-06	 0.00000E+00	 5.32535E+20	 1.43514E-01	 3.59013E-02	 2.07079E+21	 4.51147E+19	 2.12225E+19	 3.75721E+23	 1.06653E+01	-2.92840E-01	
-6.91455E-02	 5.05354E+21	 4.22739E-01	 5.09609E-02	 0.00000E+00	 1.00001E-06	 0.00000E+00	 5.79593E+20	 1.43682E-01	 4.02356E-02	 5.18542E+21	 7.60533E+19	 3.53068E+19	 2.51898E+23	 8.32159E+00	-2.72466E-01	
-5.93524E-02	 6.23872E+22	 4.94196E-01	 9.27118E-01	 3.07280E+19	 6.12568E-01	 1.89778E-03	 3.38513E+20	 1.80741E-01	 2.65141E-02	 9.10744E+21	 9.72063E+19	 4.41992E+19	 2.40825E+23	 9.79598E+00	-2.51176E-01	
-4.98971E-02	 2.23529E+22	 6.61376E-01	 4.52662E-01	 0.00000E+00	 1.00001E-06	 0.00000E+00	 3.89221E+20	 1.85123E-01	 3.53180E-02	 1.87002E+22	 1.53790E+20	 6.79217E+19	 2.68476E+23	 1.13947E+01	-2.29260E-01	
-4.08315E-02	 5.27295E+22	 5.79860E-01	 1.91703E+00	 0.00000E+00	 1.00001E-06	 0.00000E+00	 3.57445E+20	 2.24011E-01	 4.16541E-02	 3.92956E+22	 2.67408E+20	 1.13706E+20	 3.78023E+23	 1.80595E+01	-2.06601E-01	
-3.23276E-02	 2.52901E+22	 3.35903E-01	 3.07342E-01	 0.00000E+00	 1.00001E-06	 0.00000E+00	 3.05141E+20	 2.71682E-01	 4.67732E-02	 5.78405E+22	 3.61207E+20	 1.45967E+20	 4.77438E+23	 2.39635E+01	-1.82801E-01	
-2.45052E-02	 1.20620E+23	 7.56403E-01	 4.33149E+00	 0.00000E+00	 1.00001E-06	 0.00000E+00	 4.32841E+20	 3.07908E-01	 6.06914E-02	 1.02733E+23	 6.35190E+20	 2.41530E+20	 6.52826E+23	 3.24850E+01	-1.58261E-01	
-1.73830E-02	 1.40295E+23	 9.66917E-01	 7.01250E+00	 0.00000E+00	 1.00001E-06	 0.00000E+00	 5.89832E+20	 3.46907E-01	 8.26405E-02	 1.57698E+23	 1.01650E+21	 3.58167E+20	 9.85041E+23	 5.00180E+01	-1.32590E-01	
-1.11171E-02	 3.19877E+23	 6.40634E-01	 1.85591E+01	 0.00000E+00	 1.00001E-06	 0.00000E+00	 8.67155E+20	 3.32624E-01	 1.09895E-01	 2.27155E+23	 1.56089E+21	 5.04816E+20	 1.32617E+24	 7.07434E+01	-1.05325E-01	
-5.89663E-03	 3.28112E+23	 7.16634E-01	 2.15959E+01	 0.00000E+00	 8.72525E-01	 6.10191E-02	 7.85839E+20	 3.84050E-01	 1.24529E-01	 2.76530E+23	 2.06706E+21	 6.10537E+20	 1.90592E+24	 1.13454E+02	-7.58445E-02	
-1.77909E-03	 7.27618E+23	 6.93388E-01	 4.85124E+01	 0.00000E+00	 8.72525E-01	 1.74979E-01	 1.60673E+21	 4.71745E-01	 1.89373E-01	 3.84603E+23	 3.13314E+21	 8.53714E+20	 2.66567E+24	 1.37370E+02	-3.01534E-02	
 3.61252E-03	 8.51096E+23	 7.22235E-01	 6.05270E+01	 0.00000E+00	 1.00001E-06	 0.00000E+00	 1.23427E+21	 5.03939E-01	 1.73760E-01	 4.60959E+23	 4.37109E+21	 1.07039E+21	 2.85803E+24	 1.54556E+02	 6.19712E-04	
 1.27332E-02	 1.81809E+24	 7.99486E-01	 1.23359E+02	 1.34096E+22	 5.49088E-01	 4.29461E-01	 1.97422E+21	 5.17428E-01	 2.47034E-01	 5.68365E+23	 6.64307E+21	 1.38716E+21	 4.73143E+24	 2.60011E+02	 2.16424E-03	
 2.53971E-02	 1.36320E+24	 1.01619E+00	 9.37593E+01	 0.00000E+00	 6.23600E-01	 1.27036E-01	 9.31484E+20	 5.51454E-01	 1.42040E-01	 8.20699E+23	 5.19757E+21	 8.93710E+20	 2.81028E+24	 1.65886E+02	 4.27629E-03	
 4.15026E-02	 9.35420E+23	 1.44364E+00	 7.72567E+01	 0.00000E+00	 8.61077E-01	 5.22092E-01	 3.08086E+20	 7.10300E-01	 7.91655E-02	 9.01905E+23	 1.31863E+21	 3.65477E+20	 1.26348E+24	 8.05514E+01	 6.89567E-03	
 6.10180E-02	 9.24155E+23	 1.89350E+00	 7.99538E+01	 2.14758E+21	 3.08679E+00	 1.84649E+00	 1.05682E+20	 8.25366E-01	 6.66256E-02	 6.67124E+23	 1.62605E+21	 3.90412E+20	 5.24577E+23	 3.70255E+01	 9.97885E-03	
 8.37670E-02	 6.40809E+23	 1.89758E+00	 4.77193E+01	 1.93641E+21	 7.80827E-01	 1.63693E-01	 1.06538E+20	 8.55598E-01	 8.58606E-02	 5.02002E+23	 2.16316E+21	 4.26878E+20	 3.48769E+23	 2.72903E+01	 1.34739E-02	
 1.09799E-01	 5.58304E+23	 2.09289E+00	 4.93899E+01	 0.00000E+00	 5.44486E-01	 3.81827E-01	 9.66454E+19	 8.06788E-01	 6.63492E-02	 4.01905E+23	 2.29582E+21	 4.21948E+20	 2.56488E+23	 1.89741E+01	 1.73291E-02	
 1.39190E-01	 3.75954E+23	 2.35320E+00	 3.65632E+01	 0.00000E+00	 1.00001E-06	 0.00000E+00	 5.30830E+19	 9.85973E-01	 5.86693E-02	 3.15941E+23	 1.86242E+21	 3.71093E+20	 9.79128E+22	 1.10662E+01	 2.14926E-02	
 1.72027E-01	 3.15723E+23	 2.65450E+00	 3.30715E+01	 0.00000E+00	 3.25663E+00	 1.73274E-01	 5.97481E+19	 1.11158E+00	 7.02426E-02	 2.26135E+23	 1.46763E+21	 3.00597E+20	 6.94691E+22	 6.77793E+00	 2.59135E-02	
 2.08612E-01	 2.19283E+23	 2.66398E+00	 2.46743E+01	 0.00000E+00	 4.87704E-01	 6.09484E-03	 5.98076E+19	 6.56349E-01	 4.61159E-02	 1.55563E+23	 9.38941E+20	 2.37754E+20	 5.63657E+22	 4.89759E+00	 3.05443E-02	
 2.49393E-01	 9.39382E+22	 3.00506E+00	 1.18066E+01	 0.00000E+00	 5.24690E+00	 5.89556E-02	 1.69760E+19	 7.44771E-01	 2.31776E-02	 9.06920E+22	 5.78864E+20	 1.55760E+20	 1.51815E+22	 1.64855E+00	 3.53323E-02	
 2.95098E-01	 5.18134E+22	 3.27171E+00	 5.41618E+00	 0.00000E+00	 3.75542E+00	 6.53910E-02	 4.84313E+18	 1.08207E+00	 2.02902E-02	 5.99418E+22	 3.85045E+20	 1.14593E+20	 1.41255E+22	 1.39075E+00	 4.02217E-02	
 3.43431E-01	 3.05277E+22	 4.30927E+00	 5.19601E+00	 0.00000E+00	 1.00001E-06	 0.00000E+00	 1.38529E+18	 9.92975E-01	 1.36589E-02	 3.96784E+22	 2.64116E+20	 7.54629E+19	 3.99072E+21	 3.09082E-01	 4.51628E-02	
 3.93139E-01	 1.65101E+22	 3.93145E+00	 2.53094E+00	 0.00000E+00	 1.00001E-06	 0.00000E+00	 5.72640E+18	 6.54823E-01	 6.33409E-03	 2.66952E+22	 1.89446E+20	 5.31792E+19	 2.35233E+21	 2.75432E-01	 5.01094E-02	
 4.52737E-01	 9.97090E+21	 3.91425E+00	 1.23244E+00	 0.00000E+00	 1.00001E-06	 0.00000E+00	 0.00000E+00	 3.01129E-01	 1.32110E-03	 1.31350E+22	 8.58976E+19	 2.62877E+19	 7.01976E+20	 9.45423E-02	 5.50328E-02	
 5.37700E-01	 3.20270E+21	 5.06062E+00	 4.62093E-01	 0.00000E+00	 1.00001E-06	 0.00000E+00	 0.00000E+00	 4.89603E-01	 1.07955E-03	 5.96743E+21	 3.51677E+19	 1.11448E+19	 2.34236E+20	 2.74489E-02	 5.98723E-02	
 6.43952E-01	 2.10687E+21	 9.50246E+00	 7.83560E-01	 0.00000E+00	 1.00001E-06	 0.00000E+00	 0.00000E+00	 2.46900E+00	 1.13755E-03	 3.37744E+21	 1.74218E+19	 5.44015E+18	 0.00000E+00	 2.87418E-02	 6.45480E-02	
 7.40157E-01	 3.33873E+21	 7.61096E+00	 4.07098E-01	 0.00000E+00	 1.00001E-06	 0.00000E+00	 8.84314E+17	 3.49616E-01	 1.38090E-03	 2.86317E+21	 1.30178E+19	 4.33568E+18	 0.00000E+00	 2.18621E-02	 6.90095E-02	
 8.14880E-01	 6.62396E+20	 1.37498E+01	 3.78964E-02	 0.00000E+00	 1.00001E-06	 0.00000E+00	 0.00000E+00	 2.31939E-01	 1.10462E-04	 2.35079E+21	 8.97658E+18	 3.42615E+18	 0.00000E+00	 1.67773E-02	 7.32049E-02	
 8.69042E-01	 1.09090E+21	 2.24293E+00	 5.74831E-02	 0.00000E+00	 1.00001E-06	 0.00000E+00	 0.00000E+00	 2.24401E-01	 4.47491E-05	 2.39976E+21	 7.87368E+18	 3.52936E+18	 0.00000E+00	 1.56873E-02	 7.70976E-02	
 9.08200E-01	 1.86169E+21	 6.14840E+00	 2.92063E-01	 0.00000E+00	 1.00001E-06	 0.00000E+00	 0.00000E+00	 1.00001E-06	 0.00000E+00	 1.74105E+21	 4.66210E+18	 2.40576E+18	 9.33330E+20	 8.67116E-02	 8.06382E-02	
 9.42701E-01	 1.60946E+18	 1.34427E+00	 1.90596E-02	 0.00000E+00	 1.00001E-06	 0.00000E+00	 0.00000E+00	 1.00001E-06	 0.00000E+00	 1.28137E+21	 3.05680E+18	 1.72734E+18	 0.00000E+00	 1.04192E-05	 8.37559E-02	
 9.67825E-01	 2.43720E+21	 1.95694E+00	 1.39546E-01	 0.00000E+00	 1.00001E-06	 0.00000E+00	 0.00000E+00	 1.00001E-06	 0.00000E+00	 1.17144E+21	 2.39442E+18	 1.40945E+18	 0.00000E+00	 3.14662E-05	 8.63932E-02	
 9.84451E-01	 4.69657E+18	 2.03082E+00	 3.61941E-04	 0.00000E+00	 1.00001E-06	 0.00000E+00	 0.00000E+00	 1.00001E-06	 0.00000E+00	 4.89213E+20	 1.04744E+18	 4.92866E+17	 2.32772E+18	 1.04671E-04	 8.84972E-02	
