# Target erosion - outer     : b2mn     B2.5 bjb99/7 SOLPS-ITER  2019-10-17  16:27 bonninx ITER#2398_(F57-100-Ne_0.6%-Be0,_tau=0.36e-6,_ntime=150)     
# x	 : coordinate along target [m]. <0 in PFR
# XX_flux_atm	 : incident flux of neutral atoms of species XX [1/m^2/s]
# XX_flux_ion	 : incident flux of ions of species XX [1/m^2/s]
# XX_temp_atm	 : temperature of neutral atoms of species XX [eV]
# XX_pres_atm	 : pressure of neutral atoms of species XX [Pa]
# XX_flux_mol	 : incident flux of molecules XX [1/m^2/s]
# XX_pres_mol	 : pressure of molecules XX [Pa]
# XX_sput	 : gross sputtering of material XX [g/y]
# XX_ersn	 : gross erosion of material XX [mm/y]
# xMP	 : radial coordinate in midplane (IMP for inner target(s), OMP for outer(s)) [m]
#           x	 D_flux_atm 	 D_temp_atm 	 D_pres_atm 	 He_flux_atm	 He_temp_atm	 He_pres_atm	 Ne_flux_atm	 Ne_temp_atm	 Ne_pres_atm	 D_flux_ion 	 He_flux_ion	 Ne_flux_ion	 D2_flux_mol	 D2_pres_mol	         xMP	
-1.03535E-01	 3.77153E+21	 5.72038E-01	 1.06302E-01	 0.00000E+00	 1.00001E-06	 0.00000E+00	 1.95245E+20	 1.35284E-01	 1.33795E-02	 2.90334E+21	 1.50579E+19	 6.62360E+18	 8.84286E+22	 3.08901E+00	-3.12334E-01	
-9.20605E-02	 5.69478E+21	 1.19478E+00	 2.74822E-01	 0.00000E+00	 1.00001E-06	 0.00000E+00	 1.68985E+20	 1.60186E-01	 1.47873E-02	 4.85136E+21	 2.40691E+19	 1.05145E+19	 8.63269E+22	 3.36366E+00	-2.92840E-01	
-8.06465E-02	 8.16145E+21	 4.92324E-01	 1.24848E-01	 0.00000E+00	 1.00001E-06	 0.00000E+00	 1.56863E+20	 2.10286E-01	 1.53527E-02	 8.35814E+21	 3.91772E+19	 1.68878E+19	 1.01836E+23	 4.35961E+00	-2.72466E-01	
-6.94364E-02	 5.37604E+21	 4.84497E-01	 1.29741E-01	 0.00000E+00	 1.00001E-06	 0.00000E+00	 1.30815E+20	 2.01134E-01	 1.58768E-02	 1.53753E+22	 6.78556E+19	 2.85801E+19	 9.46682E+22	 3.74693E+00	-2.51176E-01	
-5.85124E-02	 1.28037E+22	 6.48270E-01	 4.72230E-01	 0.00000E+00	 1.00001E-06	 0.00000E+00	 1.36371E+20	 2.53901E-01	 1.74154E-02	 2.53957E+22	 1.06598E+20	 4.35796E+19	 8.68825E+22	 4.25866E+00	-2.29260E-01	
-4.80259E-02	 2.79848E+22	 7.90760E-01	 1.64797E+00	 0.00000E+00	 1.65427E+00	 4.15560E-02	 1.04710E+20	 2.87527E-01	 1.82604E-02	 3.92035E+22	 1.58803E+20	 6.25342E+19	 7.96667E+22	 4.34572E+00	-2.06601E-01	
-3.81088E-02	 6.50554E+22	 1.09108E+00	 3.43822E+00	 0.00000E+00	 3.07619E+00	 6.13229E-02	 1.05939E+20	 2.72922E-01	 1.76806E-02	 6.70852E+22	 2.59104E+20	 9.76888E+19	 1.08752E+23	 6.64118E+00	-1.82801E-01	
-2.88573E-02	 9.69121E+22	 9.94002E-01	 5.38857E+00	 0.00000E+00	 1.00001E-06	 0.00000E+00	 8.57809E+19	 5.52342E-01	 3.36934E-02	 1.05330E+23	 3.96828E+20	 1.42493E+20	 1.42566E+23	 1.07811E+01	-1.58261E-01	
-2.05470E-02	 1.50560E+23	 1.26911E+00	 9.72301E+00	 0.00000E+00	 1.00001E-06	 0.00000E+00	 1.74942E+20	 5.47756E-01	 5.81726E-02	 1.84374E+23	 6.87934E+20	 2.35947E+20	 1.89192E+23	 1.40509E+01	-1.32590E-01	
-1.31953E-02	 2.57472E+23	 1.42649E+00	 2.07625E+01	 3.11834E+21	 4.85051E-01	 1.60018E-01	 2.73536E+20	 6.16721E-01	 1.00394E-01	 3.02661E+23	 1.13311E+21	 3.78186E+20	 2.98745E+23	 2.52412E+01	-1.05325E-01	
-6.94852E-03	 5.72033E+23	 1.59272E+00	 4.94315E+01	 1.92622E+21	 2.80909E+00	 1.40208E+00	 2.30311E+20	 5.78675E-01	 9.99239E-02	 4.63905E+23	 1.74114E+21	 5.89130E+20	 3.66507E+23	 3.39811E+01	-7.58445E-02	
-2.07704E-03	 9.53052E+23	 2.10702E+00	 8.81465E+01	 2.59154E+21	 5.88235E-01	 1.00232E-01	 3.64394E+20	 7.80412E-01	 1.51303E-01	 6.52170E+23	 2.36539E+21	 8.49995E+20	 4.90005E+23	 3.35258E+01	-3.01534E-02	
 4.33180E-03	 1.09952E+24	 2.77336E+00	 1.00035E+02	 5.74190E+21	 9.47952E-01	 7.47444E-01	 2.12433E+20	 1.05972E+00	 1.97685E-01	 7.88801E+23	 2.51516E+21	 1.06131E+21	 2.73898E+23	 1.68220E+01	 6.19712E-04	
 1.52975E-02	 5.64830E+23	 4.39065E+00	 5.27291E+01	 6.94125E+20	 2.95182E-01	 1.06137E-01	 5.66316E+19	 9.20424E-01	 1.06800E-01	 1.03360E+24	 1.01836E+21	 7.98434E+20	 4.73581E+22	 2.40868E+00	 2.16424E-03	
 3.06837E-02	 1.67970E+23	 5.12973E+00	 2.05892E+01	 0.00000E+00	 1.00001E-06	 0.00000E+00	 1.32372E+18	 1.39691E+00	 7.77294E-03	 6.27531E+23	 2.39176E+20	 8.38080E+19	 1.16249E+22	 8.04756E-01	 4.27629E-03	
 5.03633E-02	 1.09923E+23	 5.49883E+00	 1.66821E+01	 0.00000E+00	 1.00001E-06	 0.00000E+00	 0.00000E+00	 3.83011E-01	 4.06309E-04	 4.24015E+23	 5.08631E+19	 1.23271E+19	 7.38368E+21	 6.97073E-01	 6.89567E-03	
 7.44887E-02	 1.14755E+23	 4.94423E+00	 1.54244E+01	 0.00000E+00	 1.00001E-06	 0.00000E+00	 1.18292E+18	 6.94747E-01	 5.89128E-03	 3.50145E+23	 4.24640E+19	 4.91738E+19	 6.01346E+21	 6.50735E-01	 9.97885E-03	
 1.03271E-01	 1.27590E+23	 4.83621E+00	 1.95585E+01	 0.00000E+00	 1.00001E-06	 0.00000E+00	 1.77350E+18	 5.70858E-01	 1.68476E-02	 2.91388E+23	 9.89042E+19	 1.80320E+20	 9.20713E+21	 1.17772E+00	 1.34739E-02	
 1.36993E-01	 1.17305E+23	 4.40553E+00	 1.82777E+01	 0.00000E+00	 1.72222E+01	 9.40717E-02	 1.05627E+19	 8.06886E-01	 4.16402E-02	 2.34619E+23	 1.97066E+20	 3.29737E+20	 1.11697E+22	 1.35064E+00	 1.73291E-02	
 1.76414E-01	 1.00289E+23	 4.30760E+00	 1.55753E+01	 0.00000E+00	 1.73558E-01	 1.01183E-02	 8.49247E+18	 8.46560E-01	 5.93800E-02	 1.62193E+23	 3.41126E+20	 3.39987E+20	 1.07998E+22	 1.25883E+00	 2.14926E-02	
 2.22747E-01	 6.42048E+22	 4.69814E+00	 1.04132E+01	 0.00000E+00	 1.00001E-06	 0.00000E+00	 1.39633E+19	 7.80300E-01	 8.50149E-02	 1.03809E+23	 4.98015E+20	 5.48866E+20	 4.74095E+21	 8.22277E-01	 2.59135E-02	
 2.78238E-01	 2.19160E+22	 4.44874E+00	 4.38767E+00	 0.00000E+00	 1.64329E+00	 6.36661E-02	 1.05084E+19	 6.52371E-01	 7.50541E-02	 5.77059E+22	 5.07409E+20	 5.85697E+20	 2.95835E+21	 3.54725E-01	 3.05443E-02	
 3.35005E-01	 2.66757E+22	 4.74024E+00	 4.64282E+00	 0.00000E+00	 8.75131E-01	 4.56301E-02	 8.84200E+18	 6.46026E-01	 8.10423E-02	 4.60333E+22	 6.10815E+20	 6.57338E+20	 2.02978E+21	 3.56031E-01	 3.53323E-02	
 3.99317E-01	 7.21843E+21	 6.98647E+00	 1.64176E+00	 0.00000E+00	 1.80284E-01	 3.28402E-03	 1.65619E+18	 6.28774E-01	 3.48594E-02	 2.19660E+22	 4.37583E+20	 2.65369E+20	 7.96733E+20	 1.34395E-01	 4.02217E-02	
 5.20543E-01	 4.51545E+21	 7.03418E+00	 1.01997E+00	 0.00000E+00	 1.52435E-01	 1.58734E-03	 1.71123E+17	 4.86053E-01	 9.30356E-03	 6.70723E+21	 1.61800E+20	 9.23053E+19	 2.09701E+20	 5.38953E-02	 4.51628E-02	
 6.81332E-01	 2.15855E+21	 5.17943E+00	 5.24099E-01	 0.00000E+00	 8.36731E-02	 8.48075E-04	 6.98796E+17	 4.92246E-01	 8.10009E-03	 4.47597E+21	 1.43206E+20	 7.02641E+19	 9.62617E+19	 5.03851E-02	 5.01094E-02	
 8.46718E-01	 1.06150E+21	 6.39033E+00	 2.77011E-01	 0.00000E+00	 1.00001E-06	 0.00000E+00	 1.26888E+17	 5.69294E-01	 4.85111E-03	 2.44919E+21	 9.49859E+19	 4.41257E+19	 4.98319E+19	 2.03881E-02	 5.50328E-02	
 9.89119E-01	 1.22945E+21	 7.99764E+00	 2.47870E-01	 0.00000E+00	 1.33413E+00	 1.01816E-02	 2.32953E+17	 3.42449E-01	 4.37598E-03	 2.42569E+21	 9.77538E+19	 4.44484E+19	 1.39474E+20	 2.59428E-02	 5.98723E-02	
 1.07852E+00	 8.97829E+20	 1.82925E+01	 3.84879E-01	 0.00000E+00	 1.00001E-06	 0.00000E+00	 1.11766E+18	 6.29781E-01	 5.96983E-03	 2.41109E+21	 1.09692E+20	 4.65023E+19	 0.00000E+00	 1.22052E-02	 6.45480E-02	
 1.14254E+00	 9.08711E+20	 8.28911E+00	 2.35922E-01	 0.00000E+00	 3.90302E+00	 5.87108E-02	 0.00000E+00	 2.44272E-01	 2.79524E-03	 2.01789E+21	 1.02454E+20	 4.39044E+19	 0.00000E+00	 9.15222E-03	 6.90095E-02	
 1.19041E+00	 1.26331E+20	 2.40798E+01	 2.05076E-01	 0.00000E+00	 1.00001E-06	 0.00000E+00	 0.00000E+00	 1.61871E-01	 1.70158E-03	 2.25129E+21	 1.22549E+20	 5.00013E+19	 0.00000E+00	 7.38594E-03	 7.32049E-02	
 1.22419E+00	 7.79745E+20	 3.16006E+00	 5.81863E-02	 0.00000E+00	 1.63100E-01	 4.20802E-03	 8.27596E+17	 2.78233E-01	 3.36696E-03	 1.85136E+21	 1.08355E+20	 4.32250E+19	 0.00000E+00	 8.21262E-03	 7.70976E-02	
 1.25249E+00	 9.58740E+20	 2.94423E+00	 1.15197E-01	 0.00000E+00	 1.00001E-06	 0.00000E+00	 0.00000E+00	 1.18492E-01	 1.15572E-03	 1.35232E+21	 8.23550E+19	 3.33444E+19	 0.00000E+00	 8.79797E-03	 8.06382E-02	
 1.27694E+00	 1.12724E+21	 7.08973E+00	 2.28254E-01	 0.00000E+00	 1.54716E-01	 3.54147E-03	 0.00000E+00	 2.90393E-01	 1.25972E-03	 9.80687E+20	 6.07737E+19	 2.39744E+19	 0.00000E+00	 6.00806E-03	 8.37559E-02	
 1.29671E+00	 1.32763E+20	 4.96929E+00	 3.94084E-01	 0.00000E+00	 1.00001E-06	 0.00000E+00	 2.83764E+18	 3.45628E-01	 1.36474E-03	 7.03602E+20	 4.27500E+19	 1.61869E+19	 1.38520E+18	 4.82169E-05	 8.63932E-02	
 1.31017E+00	 1.19339E+21	 5.64956E+01	 2.93710E+00	 0.00000E+00	 1.00001E-06	 0.00000E+00	 0.00000E+00	 1.17931E+00	 4.53269E-04	 4.37653E+20	 2.64746E+19	 9.51419E+18	 0.00000E+00	 1.94159E-03	 8.84972E-02	
