R_wall[m];Z_wall[m];Eion[eV];Eatom[eV];ion_flux[m^-2s^-1];atom_flux[m^-2s^-1];net_heat_flux[W/m^2]
1.834317829349430;-0.000158735598391;6.310586993759377;15.621992372149379;0.000000000000000e+00;1.938483305675980e+20;1.002717812942951e+03
1.834706229936351;-0.044510143222937;6.312219134304279;15.316006220177298;0.000000000000000e+00;2.236204034545841e+20;1.100857488832323e+03
1.835841440952730;-0.087488603204553;6.313652879662839;15.122873549383137;0.000000000000000e+00;2.143810404626323e+20;1.235515961515690e+03
1.836744511936566;-0.110208392712954;6.314508655216213;15.371334577385317;0.000000000000000e+00;2.476551534684826e+20;1.349748684191092e+03
1.837643047226551;-0.128988028027827;6.315026201884233;14.793142306301757;0.000000000000000e+00;2.442165093886654e+20;1.211779628444036e+03
1.840024765023917;-0.168886009813733;6.315803961325702;15.199071907423999;0.000000000000000e+00;2.729706094100470e+20;1.384327474475727e+03
1.842919199185565;-0.207266300066280;6.316503747270350;15.621345405930390;0.000000000000000e+00;2.833926327846270e+20;1.501404208769569e+03
1.846243499395267;-0.243981597740951;6.316961898480334;15.572577090363922;0.000000000000000e+00;3.294969849450044e+20;1.602434227597238e+03
1.849909328752176;-0.278889472199119;6.317185958594306;15.278916205075660;0.000000000000000e+00;3.621450288056895e+20;1.845202516717512e+03
1.853833948654723;-0.311837760949332;6.317193019830861;14.763975091232121;0.000000000000000e+00;3.920713461416899e+20;2.002358709308459e+03
1.857927977156897;-0.342839820940864;6.316997679646149;14.408974649992262;0.000000000000000e+00;4.249595646485567e+20;2.196209418430379e+03
1.862099199886752;-0.371737864654384;6.316613166079093;13.855817163484863;0.000000000000000e+00;4.800974417383213e+20;2.311400065305043e+03
1.866247809865029;-0.398392290151689;6.316062889335758;13.597393637184645;0.000000000000000e+00;4.895785537314538e+20;2.469858686899125e+03
1.870325617731940;-0.422890933055680;6.315382992497899;13.770716449272603;0.000000000000000e+00;4.767220493967035e+20;2.517073291650620e+03
1.874236490630939;-0.445074447982751;6.314625130521661;13.741430985194702;0.000000000000000e+00;4.602865810477603e+20;2.412916415537676e+03
1.876707532565899;-0.458527697784967;6.314101700478925;13.202503754073049;0.000000000000000e+00;5.166911395456284e+20;2.395729663053726e+03
1.877912287127080;-0.464949089252388;6.313712651941652;12.809231914417133;0.000000000000000e+00;4.506278467403033e+20;2.524692977057965e+03
1.881348269215911;-0.482757331310039;6.313082852238817;12.683570541984169;0.000000000000000e+00;4.283078280879034e+20;2.391296757411420e+03
1.884421717254724;-0.498128631446763;6.312387108273143;12.146252911973798;0.000000000000000e+00;4.743420041820274e+20;2.724138237341322e+03
1.887242212704083;-0.511792576105626;6.311776256610576;12.126769239568034;0.000000000000000e+00;3.842884154752076e+20;2.403209813453401e+03
1.889626039726969;-0.523061670998000;6.311259744263812;12.067121729625748;0.000000000000000e+00;4.264569325492001e+20;2.505555865789065e+03
1.891727962376673;-0.532798186238564;6.310831970384689;12.272195241029527;0.000000000000000e+00;4.547811306314960e+20;2.742071850153457e+03
1.893480959792718;-0.540764681352193;6.310484576735522;12.062596085189845;0.000000000000000e+00;4.155399583666023e+20;2.448192879541910e+03
1.894947961890539;-0.547352102456637;6.310211123395724;12.151009710702786;0.000000000000000e+00;4.662876773891208e+20;2.459900055205866e+03
1.896038540318783;-0.552202849165115;6.310001345594472;12.406894582863794;0.000000000000000e+00;4.966604021775386e+20;2.696854824802373e+03
1.897256084906312;-0.556169711248228;6.309884018308812;12.071588206456783;5.092763881793909e+18;3.703259192579893e+20;2.073857246043715e+03
1.898751064180870;-0.559145232167066;6.309884018308812;12.260815089299006;0.000000000000000e+00;3.849491032306499e+20;2.354487607559735e+03
1.899782892767768;-0.561202029777665;6.379846187554432;11.845359649116530;0.000000000000000e+00;3.487536736098328e+20;1.938133243685130e+03
1.900470713333912;-0.562575505707771;6.519721153398284;11.448609342646549;0.000000000000000e+00;4.880022033990490e+20;2.363682033180208e+03
1.900917856429855;-0.563469920005558;6.519576120250733;11.578355686385015;0.000000000000000e+00;2.822509519796021e+20;1.781301913941059e+03
1.901547120787964;-0.564718889991008;6.519420547585192;11.958925919484424;0.000000000000000e+00;3.847317419418551e+20;2.260832605618780e+03
1.902490879299628;-0.566599732465646;6.519198228776799;12.234948234214940;0.000000000000000e+00;4.079667753084648e+20;2.311167422112461e+03
1.904049991866097;-0.569711030305720;6.518850634154170;11.919052893226905;0.000000000000000e+00;3.828321142070945e+20;2.280480914676985e+03
1.906650965333245;-0.574897951195134;6.518340557683299;12.258754071851527;0.000000000000000e+00;3.910542719223526e+20;2.544119299487239e+03
1.909138612333337;-0.579804732006498;6.517748057718511;12.750037683101212;0.000000000000000e+00;1.746750574940904e+20;9.582579447389560e+02
1.913344372255543;-0.581504220827839;6.517363804905969;12.246071095538014;2.190007100550862e+18;2.140831738340693e+20;1.171826196903705e+03
1.920879926599230;-0.584540534401926;6.517095623018642;11.500978604939155;1.439778595837825e+18;1.899389652872775e+20;1.086462778417336e+03
1.932142372797574;-0.589062859169188;6.516827441131315;12.377038447177680;2.047021519975890e+18;2.069116145929274e+20;1.111962419419527e+03
1.939859746735088;-0.592184921398401;6.606567957602543;12.712764531217303;8.837832639783739e+18;2.571544458005620e+20;1.206889487464797e+03
1.942647054567498;-0.593310798898072;6.635789364211824;13.343854838343816;3.174042351215804e+18;2.576177672361157e+20;1.275393640805303e+03
1.952887143673528;-0.597449335496870;6.635097265330696;12.946161058671285;3.423865445482740e+18;2.539661388696635e+20;1.357388560162102e+03
1.962150977332605;-0.601169288610778;6.635097265330696;7.989534492137362;0.000000000000000e+00;3.487738132459025e+20;4.726955883724235e+03
1.962340195801191;-0.601245013798519;6.874660172696025;8.744564049236686;1.501364634379187e+19;2.741991711040341e+20;1.662255196202832e+03
1.971525080986474;-0.604944126145198;6.954514475151134;10.467750914161110;1.403623886532524e+19;2.645470821103175e+20;1.424082624343146e+03
1.979899227763287;-0.608328998982618;6.954514475151133;10.739809952731562;8.016551132640837e+18;2.793624251009157e+20;1.753981291545372e+03
1.981878896382802;-0.609131688515189;7.336459400031448;11.462791723796531;2.960603944467741e+19;2.800023894662220e+20;1.679094108869941e+03
1.989173849127283;-0.612058226561245;7.463774374991551;11.600134110292789;2.864681706460866e+19;3.414817571614187e+20;1.706783270749552e+03
1.998067657162260;-0.615633027882790;7.463774374991551;10.430065870688686;4.965570501904558e+19;4.141330002926451e+20;1.979192190801100e+03
1.998641442164222;-0.615869405873078;7.933675363130858;10.844225676225346;7.012464110741686e+19;3.412105608423521e+20;2.142645118260563e+03
2.006754711274193;-0.619145312075515;8.090309025843959;9.919571195390841;6.254734167645312e+19;3.373973030353729e+20;2.129982793218115e+03
2.012914985406351;-0.621635393731893;8.649197884146547;10.574615114115323;2.336214707897902e+20;3.658610741636725e+20;2.850606636672437e+03
2.014412113451867;-0.622240619230099;8.830551970180926;11.503825931744231;1.801797625107111e+20;3.837765736658013e+20;3.290030958225443e+03
2.021581888095374;-0.625139535075568;8.825609770114442;11.281313323686391;1.805060170095624e+20;3.968634379168261e+20;3.275952646168435e+03
2.025247051422187;-0.626610651731312;9.503808722538100;11.735464555798121;4.794759963261393e+20;4.316480303739330e+20;5.372935701706948e+03
2.027990429065922;-0.627705141293220;9.724978353710288;11.465212045894283;4.353381399784092e+20;4.279849700797099e+20;5.518580421944564e+03
2.033316925536666;-0.629843042312971;9.720081667407921;12.047413069019646;4.211521961687932e+20;4.307923884454522e+20;5.065081082392159e+03
2.036267449407344;-0.631034141709844;10.425224343771738;12.255921891226624;8.689995998703206e+20;4.927727753590365e+20;8.844313589812738e+03
2.038912584415405;-0.632104910343242;10.660271902559677;11.743420274502643;8.087620961063465e+20;5.503749751785427e+20;9.216695176276255e+03
2.045891345825308;-0.634927121686955;11.243619682515623;11.812812405333410;1.467344497639963e+21;5.919318404519256e+20;1.472394744871257e+04
2.054420808342080;-0.638377182205123;12.006384774361438;13.012673746101855;2.343766891772965e+21;7.326778984013567e+20;2.465480044655726e+04
2.061435602451144;-0.641200841903371;12.609649914249855;13.477549470210599;3.282084745563179e+21;9.553478254625381e+20;3.572255671219674e+04
2.067494731716315;-0.643629868399875;13.068745627802651;12.509195115465678;4.540501463035167e+21;1.075246865611534e+21;4.770776642462051e+04
2.072492859026001;-0.645636442636228;13.370497541879741;13.071026046932275;5.150343146738521e+21;1.382487997893702e+21;5.999561360221102e+04
2.076941733503989;-0.647440838450951;13.595288178972089;12.871771470420102;6.291314526174037e+21;1.546349025978798e+21;7.209556198417459e+04
2.080365674503750;-0.648822244338839;13.765699895056095;13.062402568074987;7.864141456669039e+21;1.778245677555378e+21;8.275493310450877e+04
2.083061634843157;-0.649911975415737;13.864260321762421;12.565503675503171;7.970552879829780e+21;1.691014062016810e+21;9.212034962589388e+04
2.084963609172065;-0.650680693464351;13.879400069919887;13.092943655712864;8.489404875619135e+21;1.929233292734076e+21;9.817027831759592e+04
2.087484924307899;-0.651702448239335;13.898161306161796;13.365904911887299;8.710669239157665e+21;2.057359049238056e+21;1.040442852588943e+05
2.090144955192668;-0.652765925391499;13.969359329832434;13.212874282345417;9.566887086226389e+21;2.065841865543434e+21;1.146675698982843e+05
2.092852346816398;-0.653851904725955;14.033842596355159;13.326568852039118;1.030414031566715e+22;2.488535471286861e+21;1.196753101682590e+05
2.095969934161531;-0.655096018600581;14.100389079510459;13.787455949847564;1.105151810275111e+22;2.654628532592881e+21;1.330033968550362e+05
2.099197333180255;-0.656397045364141;14.154540313325839;13.415310962521042;1.149231875677381e+22;2.806794713929418e+21;1.388251413996280e+05
2.102541278845511;-0.657748959564134;14.220539300473270;13.283779800973434;1.322313634721683e+22;3.158270627553880e+21;1.605937977645700e+05
2.105801713696258;-0.659067198443442;14.221915389201543;12.950469403752875;1.400575828964275e+22;3.280373924493488e+21;1.699218518553509e+05
2.109250243316763;-0.660457198254430;14.261676825008740;12.971940952467166;1.412398527580061e+22;3.354579490518216e+21;1.762487955168014e+05
2.112964394101501;-0.661960854044093;14.310886470593106;13.263589185639864;1.430110243216357e+22;3.594090901504506e+21;1.820988744851203e+05
2.117044451670141;-0.663610512494741;14.383024340382557;13.334747233633818;1.511733317898429e+22;3.616064524892309e+21;1.958697317305343e+05
2.121289832349237;-0.665323204745178;14.488647587848996;12.983133159909549;1.497335872780383e+22;3.676235971134881e+21;2.036999628117928e+05
2.125648571986728;-0.667087858761881;14.555813608855672;13.136110832572122;1.525880233201440e+22;3.623641322113019e+21;1.995979147345186e+05
2.130274862214483;-0.668938378516527;14.563716823990767;13.077160544268724;1.201558029810837e+22;3.062731627389311e+21;1.512097685140749e+05
2.135036938424630;-0.670844482121368;14.098758640424956;12.618137685713906;7.475926882914123e+21;2.439966244445317e+21;8.778279902426882e+04
2.137986158921698;-0.672036239671578;13.219368841565364;12.286500108548418;4.490533332420081e+21;2.007211993545915e+21;4.678624423512603e+04
2.141918292331109;-0.673626616212949;11.696118495074119;11.180651186167367;1.879761441858606e+21;1.464908980044641e+21;1.979569378405888e+04
2.148235488975843;-0.676175589359319;10.150202402293761;10.444315002367009;7.012312158856449e+20;1.183519191470950e+21;9.015519954200799e+03
2.155322811813858;-0.679038380919070;9.203756506748967;10.405835339170638;5.643307061028281e+20;9.919086911653214e+20;9.682635673389066e+03
2.156101480507953;-0.679349385300958;9.203756506748967;9.859679281052520;0.000000000000000e+00;1.337438820739306e+21;5.587638298494531e+03
2.156638942652784;-0.679563922283700;9.253942493190989;8.823289939110040;0.000000000000000e+00;1.077530976999606e+21;5.105257485094264e+03
2.157175223801386;-0.679782087435810;9.341109871857332;9.560881246199996;0.000000000000000e+00;9.579441299193628e+20;4.739254754788180e+03
2.157887330949382;-0.680066365178194;9.458247024349783;9.977352897957081;3.340711838727295e+20;8.894652331619906e+20;5.810421267520119e+03
2.158774055845792;-0.680421304444343;8.865870694487640;10.235341319327672;2.429859389430055e+20;1.244707003719238e+21;6.614771732823676e+03
2.159839122925499;-0.680845080727900;7.508420562588126;10.613014049950200;2.194114777702038e+20;1.080680174501001e+21;5.916085909166016e+03
2.161099579876240;-0.681351773833713;7.508420562588126;9.823238890204953;2.065783108867837e+20;1.154431789101480e+21;6.215154241017479e+03
2.162545016127946;-0.681925326106364;7.576724071871500;9.865684074949712;2.737171407591887e+20;1.022098035633900e+21;5.632024032119938e+03
2.164165323022083;-0.682577570485507;7.766388783268735;10.172434203559162;2.170139394765040e+20;1.014844922760075e+21;5.764344951177420e+03
2.165959286577509;-0.683302652020111;7.911623505703299;10.123120533699806;1.996810235512783e+20;1.104800225451454e+21;6.081455931444695e+03
2.166308570325918;-0.683444896561389;7.989862179250480;10.183394074654714;0.000000000000000e+00;1.000723421435561e+21;4.564614211139160e+03
2.167959271672208;-0.684112394941613;8.030563475225467;10.035158476637193;2.724398794880961e+19;1.081402455608357e+21;4.754888688459200e+03
2.170149490592948;-0.684993959962686;7.349622129890982;10.019915286597316;1.729994357773164e+19;9.773455666215129e+20;4.609209968256526e+03
2.172550016212906;-0.685964650647865;5.906336847272037;9.809066561491861;2.323332505196533e+19;9.781040856645838e+20;4.263415409361079e+03
2.175128124060356;-0.687005509118350;5.906336847272037;9.540170376696535;5.641503415706204e+19;1.005283049657661e+21;4.405013502271480e+03
2.177852377409749;-0.688109605764273;5.964572796744232;9.806154749066193;3.059855623754025e+19;9.162037813353375e+20;4.384349360528983e+03
2.180758080753578;-0.689284732751810;6.120184564440802;9.705330431257565;5.324866416168591e+19;1.004946621481153e+21;4.215148016646560e+03
2.183820965892833;-0.690521853603626;6.222053479363925;9.631622600376950;4.112479856291299e+19;8.843400668430016e+20;3.972588973372387e+03
2.187059963402361;-0.691833317034205;6.279253783831361;9.351877501816974;0.000000000000000e+00;9.170872658844689e+20;3.885329630344723e+03
2.190437320389658;-0.693201410571453;6.296024806325065;9.612404125075971;0.000000000000000e+00;9.008640534593986e+20;4.069765110573159e+03
2.193563204383191;-0.694454986818165;6.275660358319659;9.910633924722905;4.998360810598501e+19;9.140161238465935e+20;4.258237203521389e+03
2.196597679631829;-0.695665838548086;6.222883822131382;10.155061598466991;4.706756220232495e+19;8.947205014351657e+20;4.681598032230517e+03
2.199471631994505;-0.696821459613257;6.133354463346844;9.869613115239112;5.740701336364895e+19;1.040115403211859e+21;4.758632990608322e+03
2.202171068203298;-0.697900776665766;5.998937048124357;9.837577249608300;2.473495663389137e+19;8.835488054284852e+20;4.156639915783075e+03
2.204719031507476;-0.698933862643566;5.887106474882202;10.062177950939997;8.524346332562958e+19;9.015643971136612e+20;4.979853830531818e+03
2.207076568523251;-0.699882283663964;5.887106474882202;10.181921073401917;4.735486601595987e+19;1.006067288316365e+21;4.804848849510853e+03
2.209262328786927;-0.700769251882218;6.592344573733992;10.459038230815384;1.629401362281079e+19;1.023416447888180e+21;5.291166344500777e+03
2.211312181014169;-0.701596154652082;7.986290468609353;10.284964336740805;0.000000000000000e+00;1.017458110722151e+21;4.347942813251923e+03
2.213196913632410;-0.702359610991820;7.925420169199447;10.100654173559855;0.000000000000000e+00;1.204048034885271e+21;4.695889987363636e+03
2.213839229741080;-0.702617874518594;7.869800781692502;10.434214459714964;3.273218233014269e+20;1.108322163442771e+21;5.870359425811976e+03
2.214916039253296;-0.703055539062583;7.806526855060567;10.660503314533727;3.009500574308221e+20;1.106866811755677e+21;5.913594629613810e+03
2.216340437403956;-0.703633105591859;7.689963570053609;9.995597361645045;2.412729494692379e+20;1.155495616878338e+21;6.398675879024451e+03
2.217591598755785;-0.704134053776021;7.523220480031010;10.321567288524518;3.329995366869098e+20;1.033598402865498e+21;6.309893773635317e+03
2.218691911913062;-0.704580745931817;7.402891733485902;10.738013321163415;2.619686606557176e+20;1.043412903261323e+21;6.974259941611283e+03
2.219642343229738;-0.704966833176502;7.402891733485902;10.556843981104715;2.571463153503002e+20;1.092654320211670e+21;6.310006628823331e+03
2.220444309495271;-0.705283236599738;7.965000325113725;10.048943731851262;3.345561489853335e+20;1.172609898465305e+21;6.873043625281804e+03
2.221092963639210;-0.705545652214779;9.055420160254430;10.160195061668668;0.000000000000000e+00;1.551708089447450e+21;6.582882057611310e+03
2.221578174652782;-0.705736558817991;8.962001463249381;11.060351754316423;0.000000000000000e+00;1.369266092557078e+21;6.310049378652835e+03
2.221898121923840;-0.705870026274017;8.886737592497628;9.966175402640710;0.000000000000000e+00;9.235664802057165e+20;5.691735843258671e+03
2.222092483110105;-0.705946335094784;8.839505854094783;9.208664749625562;7.877670916016184e+20;1.294351863891792e+21;1.008263751932153e+04
2.229144107749412;-0.708764534510892;10.045547669427705;11.271241443769464;2.038468360100902e+21;1.585507559731875e+21;2.095139528899870e+04
2.234679991982605;-0.711001885935825;11.685523818965896;11.298365083748770;4.813856010041058e+21;1.978475601856555e+21;4.674691889401868e+04
2.238405180078392;-0.712509677046469;12.768434404159963;11.593285113249195;7.913555115489303e+21;2.683330383824952e+21;8.783498573234704e+04
2.241361934860508;-0.713702475713895;13.491387721302999;12.475513935883859;1.314059485338716e+22;3.242811483191189e+21;1.628520523493857e+05
2.245600297007663;-0.715416555012904;13.671662419909723;12.880556087349587;1.701145274537808e+22;3.888698204513858e+21;2.206778122003416e+05
2.249671514362148;-0.717064230930867;13.584679042302410;12.519425668406022;1.735368320271280e+22;3.846897894163743e+21;2.345910286610079e+05
2.253493197121489;-0.718606322419934;13.498769448142177;12.769472289016905;1.641533885851954e+22;4.000221717135210e+21;2.119136749731130e+05
2.257553883469048;-0.720250290234285;13.420268013401426;12.849054316551658;1.628766212404619e+22;3.961058090782469e+21;2.038021495872918e+05
2.261378940211458;-0.721782525717122;13.283704777979546;12.928831697124622;1.584110351809998e+22;3.881385530748374e+21;1.995586288333057e+05
2.264794196552838;-0.723149604034243;13.117343866879416;12.480455308514811;1.515112370845224e+22;3.974880199518621e+21;1.930339543118879e+05
2.268042852401774;-0.724445847050641;12.949591189853161;12.638282908220338;1.490132385776645e+22;3.912561800194202e+21;1.856691647593998e+05
2.271118637900702;-0.725690090050556;12.816109175067410;12.320246792621250;1.377347388839742e+22;3.487247390429748e+21;1.775879139298058e+05
2.273979036551507;-0.726847532289448;12.702120296717874;12.276699005941225;1.426845480996413e+22;3.456252196431780e+21;1.642361283059456e+05
2.276790116443019;-0.727984554444349;12.555457567107629;12.224615898170157;1.249186856711052e+22;3.187220631985942e+21;1.537433400796097e+05
2.279527954336145;-0.729093099673450;12.416854498844787;11.958867866960441;1.127539421943180e+22;2.944345239046863e+21;1.379670385757548e+05
2.282178725229925;-0.730165581130409;12.287300691718437;11.834418076197126;1.073270846609157e+22;3.049048807407537e+21;1.286765580865982e+05
2.284738837412934;-0.731201202062732;12.143461971982910;11.692851837351006;1.051541449070836e+22;2.793201183913903e+21;1.210433557017875e+05
2.287166157511448;-0.732173366209290;12.035274690397168;11.473463216047254;9.398834960472514e+21;2.505038750697287e+21;1.125170893065295e+05
2.288449589791908;-0.732689312620604;11.977130165909958;11.420561232075411;9.780107942614473e+21;2.600252659077734e+21;1.122350468463906e+05
2.289464321616622;-0.733094133574364;11.922446051585414;11.377974273408102;9.365305608814869e+21;2.545687403170150e+21;1.024852797008791e+05
2.291880755804645;-0.734057919692432;11.714703434020910;11.423238047160185;8.477442466677600e+21;2.378297330434084e+21;9.495840855859815e+04
2.294399108126988;-0.735072066427184;11.512605099832889;11.185103074941445;7.690379779640873e+21;2.304132929397595e+21;8.571534198131466e+04
2.296981555827987;-0.736110523400663;11.282433649327972;10.922406150950602;7.219515135807113e+21;2.105999486294937e+21;7.647915603104592e+04
2.299783621706729;-0.737236335489744;11.024337158647784;10.833985585964689;6.407997863899091e+21;1.950940897497707e+21;6.926175040250525e+04
2.302763715392496;-0.738444301123286;10.763937084940260;11.086346552275083;5.717474723077821e+21;1.974991230946931e+21;5.915530813757596e+04
2.305986468438282;-0.739746068378034;10.538824080086947;11.161851005767467;5.123339799067252e+21;1.876978734289584e+21;5.273026409323070e+04
2.308439742464517;-0.740738541375183;10.399455913783640;10.362318498225447;5.638014408014304e+21;1.809021160000021e+21;5.212665857418036e+04
2.309298638707182;-0.741087050290015;10.336097393119559;10.525231172350079;4.503096658485200e+21;1.882769170150718e+21;4.693559927027912e+04
2.312514424657775;-0.742387265675671;10.146021831127317;10.662650475290896;4.400311884400936e+21;1.496297021127668e+21;4.593596311170512e+04
2.312755718598953;-0.742485296083282;10.069539520134908;10.044798563680434;4.095162303953981e+21;1.781201827050974e+21;3.964853710942156e+04
2.316373786169282;-0.743946208030422;9.840092587157681;9.402089529158577;4.457775970883006e+21;1.923091258441784e+21;3.708524699431672e+04
2.316479252362704;-0.743992366324079;9.739776350697678;9.445764938271456;3.459276215613617e+21;1.574980565041547e+21;3.438914281873716e+04
2.320370811116484;-0.745562664714996;9.505199777772390;9.517304362798852;2.927025019663790e+21;1.754436953313062e+21;3.066012945353330e+04
2.320848959266459;-0.745756361747796;9.421097559537108;9.691137884771702;3.022429953321932e+21;1.437100113958705e+21;2.930151198592731e+04
2.324215090973174;-0.747116991533088;9.395018258775275;9.929422873190674;2.326636216579647e+21;1.564780452243266e+21;2.267938914942055e+04
2.325963730870487;-0.747815720460364;9.316780356489778;10.038373000084270;2.321804684019958e+21;1.498656444293013e+21;2.293216608456821e+04
2.328516546996088;-0.748835245452262;9.316686727134268;9.487293891224674;1.726081256383152e+21;1.507375939588430e+21;1.707604785127870e+04
2.331729880907481;-0.750120939420994;9.316405839067738;9.249943542219219;1.913873743929793e+21;1.583774722441996e+21;1.732050792085737e+04
2.332978538590261;-0.750618186337426;9.024745532385170;8.674052778565724;6.052370562308116e+20;1.286695789707082e+21;7.042048425526397e+03
2.337878826238984;-0.752600616362054;8.020284888512885;7.729050879333495;3.358160080743209e+20;9.585574102529991e+20;3.418633424164207e+03
2.338124951834534;-0.752698645384093;7.453314704664453;7.517662433360031;1.790244199052869e+20;1.191855924193496e+21;3.705893151147447e+03
2.342828518127376;-0.754599900671017;7.156292707998606;7.689903538407037;6.744269576409194e+19;1.129679083595813e+21;3.220679040904844e+03
2.344989951070652;-0.755475050151480;6.265226718001066;7.627463297262780;4.964431926439960e+19;1.122618263328372e+21;2.620628815882473e+03
2.348291107971722;-0.756806858334736;6.033453916902020;7.323469519548004;9.559543069147118e+18;1.022171475206928e+21;2.497635510948437e+03
2.352494637931801;-0.758507910142907;5.338135513604881;7.312172963595279;1.972088236056281e+19;1.100482428745742e+21;2.695798546964080e+03
2.354149964642616;-0.759179190133045;5.067650146200115;7.399410863608591;1.613565527909826e+18;1.084291727088555e+21;2.616506326451677e+03
2.360373509566683;-0.761691344492946;4.419227764107271;9.579007798342944;0.000000000000000e+00;1.117173127744164e+21;2.302875303523271e+03
2.360566678473084;-0.761771240581561;4.176533433121577;9.704301118260556;1.890468008556948e+18;9.776848367440162e+20;2.264234770204258e+03
2.366987373573511;-0.764341742438970;4.091429766912473;7.513463728894571;0.000000000000000e+00;1.014028247855789e+21;2.078032752387312e+03
2.368787733794392;-0.765065366702355;3.836118768285162;7.404369128194265;0.000000000000000e+00;9.725754030541742e+20;1.948688331495714e+03
2.373773476955774;-0.767069387349993;3.773541263610177;7.740679861601563;0.000000000000000e+00;9.197304079843605e+20;1.985732805332697e+03
2.376619993893569;-0.768221536638740;3.585808749585223;7.380194736175399;0.000000000000000e+00;9.415834496084315e+20;1.956964062602240e+03
2.381498531420045;-0.770192726998351;3.523376450911581;7.676934754986507;0.000000000000000e+00;9.729441380627618e+20;1.923950924795359e+03
2.384333634634263;-0.771344943413322;3.336079554890653;7.721056612003311;0.000000000000000e+00;1.019439750274741e+21;2.195767914147453e+03
2.389050790790709;-0.773263995780095;3.260613475352857;8.048868396569848;0.000000000000000e+00;9.633390568998531e+20;2.000418531018346e+03
2.392541180723901;-0.774678666141295;3.034215236739469;8.135286775820548;0.000000000000000e+00;9.015425617547310e+20;1.535585447378118e+03
2.397171322684658;-0.776560151495865;2.954219710248818;7.959527423454647;0.000000000000000e+00;8.682344952760613e+20;1.933945901347997e+03
2.401419836469174;-0.778284349428516;2.714233130776866;7.489492422403669;0.000000000000000e+00;8.293817463022509e+20;1.695641065433899e+03
2.406105701740139;-0.780184626458461;2.714233130776866;7.698170185650413;0.000000000000000e+00;8.632493061540112e+20;1.600922692100187e+03
2.411434904178498;-0.782354833619350;2.567486073102982;8.240602745328427;0.000000000000000e+00;8.713649160811632e+20;1.436836037280558e+03
2.415628211627414;-0.784058483334631;2.365666103275858;8.131896166408369;0.000000000000000e+00;7.952257890325844e+20;1.458414674220689e+03
2.422260852681358;-0.786750840705805;2.200447366816140;7.811863246937508;0.000000000000000e+00;7.774967716917650e+20;1.330950742362709e+03
2.425465642320646;-0.788050389588549;2.161387000180274;7.864053286262206;0.000000000000000e+00;7.861640142107017e+20;1.437502699206107e+03
2.429777540369389;-0.789803013523474;2.044205900272677;7.975991951069785;0.000000000000000e+00;7.237393232138088e+20;1.315072535616906e+03
2.434741100695526;-0.791818983394344;2.044205937137930;8.132983274283255;0.000000000000000e+00;7.277449577267427e+20;1.004485376822362e+03
2.435762896283360;-0.792236277862386;2.017178930998089;7.900369674576691;0.000000000000000e+00;7.407940428300947e+20;1.247630328801079e+03
2.437725851766098;-0.793029725268297;1.936097704602439;7.838445531581741;0.000000000000000e+00;7.517355835603456e+20;1.164938443007247e+03
2.440055689821794;-0.793976526046077;1.936097726287842;7.478725387528001;0.000000000000000e+00;6.772508348914802e+20;1.195673165761185e+03
2.443147993067367;-0.795232879591286;1.936097752777713;7.683709707213829;0.000000000000000e+00;6.551540742145923e+20;7.950260243606692e+02
2.446006261041912;-0.797472168765149;1.927172378585593;6.945143613188466;0.000000000000000e+00;2.407615046579869e+20;1.672941289827259e+02
2.446009418300854;-0.798209648661762;1.918246979457619;6.410508583252152;0.000000000000000e+00;3.757236802094791e+20;4.019955696134678e+02
2.446006697482511;-0.800115487990203;1.918246970428025;6.757504332102966;0.000000000000000e+00;4.296887940176752e+20;2.881055700468831e+02
2.446007372898131;-0.801584289964716;1.918246960793240;6.530496776484078;0.000000000000000e+00;3.255254450099906e+20;2.386076048273387e+02
2.446006865942306;-0.803466850948551;1.918246949894096;6.308868387854154;0.000000000000000e+00;3.742074615547095e+20;4.072714347449893e+02
2.446009780241135;-0.806599928616640;1.918246941087512;6.719224566480810;0.000000000000000e+00;4.164729388564513e+20;4.571079244696543e+02
2.446008384717957;-0.811518886637279;1.918246941087512;7.711789686997887;0.000000000000000e+00;3.557267201661263e+20;3.015794939157582e+02
2.446004825319826;-0.813019254208170;1.970294058474814;6.996339329473063;0.000000000000000e+00;3.811528572266385e+20;3.229500507923489e+02
2.446008733798684;-0.819230587324857;2.012002448474423;6.367917968526720;0.000000000000000e+00;3.919768589790819e+20;3.618158531184584e+02
2.446007892805826;-0.827210284796290;2.036361798374354;6.257906712157215;0.000000000000000e+00;4.111614244803742e+20;4.527599608232405e+02
2.446008845420920;-0.828138524153916;2.036361796433200;5.966492188261625;0.000000000000000e+00;3.922513306930494e+20;4.065913381716526e+02
2.446006866551411;-0.835076621964687;2.036361796433200;5.809487010770146;0.000000000000000e+00;3.505215506994454e+20;3.614971892508455e+02
2.446006763685354;-0.842738645777011;2.036361796433200;6.347524824610249;0.000000000000000e+00;4.193613846097198e+20;3.538297745305345e+02
2.446007895732615;-0.843858130928152;1.962792333261471;6.008202650974050;0.000000000000000e+00;3.952941134940978e+20;3.821679001751637e+02
2.446008822981339;-0.850191168152159;1.938269178870895;6.020205465286214;0.000000000000000e+00;3.562384709762385e+20;3.248924027454643e+02
2.446008200313136;-0.857255160287148;1.938269178870895;6.136394273308544;0.000000000000000e+00;3.530802063201577e+20;3.592891327978145e+02
2.446009095775556;-0.860601758891580;1.937997470827660;5.523762672956356;0.000000000000000e+00;4.082943314742747e+20;5.023235028646412e+02
2.446007670838140;-0.863872049651350;1.937906900192397;5.655668949136451;0.000000000000000e+00;3.818401830458346e+20;2.917916239762479e+02
2.446009332459935;-0.869973667999312;1.937906898904878;5.596496380226441;0.000000000000000e+00;3.199519800317725e+20;3.211608541635940e+02
2.446005939163030;-0.875602722380600;1.937906898904878;5.757878729252568;0.000000000000000e+00;3.231546833592591e+20;3.257732817470871e+02
2.446007327544026;-0.878433256100929;1.838096858952047;5.874940014532432;0.000000000000000e+00;3.220636723922036e+20;1.755719032952144e+02
2.446005677258411;-0.880761120661395;1.804826844714673;5.849039875791973;0.000000000000000e+00;3.837262270448764e+20;3.753679841774893e+02
2.446007197135455;-0.885415882814243;1.804826843259926;5.715962401509856;0.000000000000000e+00;3.091312149794604e+20;2.604395738461942e+02
2.446009063778610;-0.889541613177631;1.804826842189962;5.603752308843309;0.000000000000000e+00;3.724317873985858e+20;3.702522650329504e+02
2.446006249378180;-0.893125524082267;1.804826842189962;5.604645216604358;0.000000000000000e+00;2.983261031947771e+20;2.405188408497477e+02
2.446007894686490;-0.896150414451935;1.746624093251752;4.612214454032311;0.000000000000000e+00;3.954131863546127e+20;2.441533424423010e+02
2.446006751688780;-0.896508630405548;1.630218595375332;4.869815715853536;0.000000000000000e+00;3.676005745481837e+20;2.991424521673603e+02
2.446005579156167;-0.898620312154419;1.630218594906982;5.307536397528837;0.000000000000000e+00;4.065613793739364e+20;2.163925113821312e+02
2.446006950800430;-0.900511438848510;1.630218594190018;5.310852706076500;0.000000000000000e+00;3.599535971039020e+20;2.481522574276710e+02
2.446007186720264;-0.902305230801017;1.630218593490171;5.357145058833546;0.000000000000000e+00;3.493720847939178e+20;3.117446416276112e+02
2.446006997132395;-0.904098445467790;1.630218592899025;5.077877045796676;0.000000000000000e+00;3.101764817901154e+20;2.329904413707441e+02
2.446009190857086;-0.905895431045992;1.630218592527217;5.201792384378149;0.000000000000000e+00;3.847532263206258e+20;3.627123782572569e+02
2.446006004866224;-0.908369050971914;1.630218592527217;5.318032757402018;0.000000000000000e+00;3.665753223907232e+20;3.284635817466413e+02
2.446009163350330;-0.912303528016883;1.582330708733005;5.077282830799919;0.000000000000000e+00;2.885966948348837e+20;2.607491759101151e+02
2.446008420450901;-0.914690609337448;1.486554941144580;5.610252156926894;0.000000000000000e+00;3.332486334531595e+20;3.034171357659624e+02
2.446006337621230;-0.918300351741284;1.486554940206814;6.038444502905444;0.000000000000000e+00;3.377743979996418e+20;2.523400615355462e+02
2.446008251085408;-0.927286631727809;1.486554939269048;5.372614604924197;0.000000000000000e+00;3.508086478913608e+20;2.777780740112247e+02
2.446007876422955;-0.933748973114662;1.352902311714086;5.553955122043949;0.000000000000000e+00;4.000781997807552e+20;4.364162463536701e+02
2.454087890629781;-0.939990157640952;1.219249684159125;5.785302716864104;0.000000000000000e+00;3.604092592128720e+20;3.561883722774793e+02
2.460011431975452;-0.939995160631623;1.219249684756507;5.872388707422956;0.000000000000000e+00;4.168174719434455e+20;5.026591751996951e+02
2.464137259152301;-0.939992785387133;1.219249686323242;5.827838751232270;0.000000000000000e+00;4.074023121200387e+20;4.923646201942090e+02
2.466489278631992;-0.939990887968824;1.219249687067187;5.823164077304774;0.000000000000000e+00;3.418296507881063e+20;3.858762535402755e+02
2.466902782839137;-0.939989484299847;1.219249687471720;5.601184212970685;0.000000000000000e+00;4.069037986938174e+20;7.109728902979194e+02
2.468678567860062;-0.939996148668824;1.219249688059625;5.984943097536408;0.000000000000000e+00;3.828231768298092e+20;6.728903546722420e+02
2.469866230944995;-0.939993494537844;1.219249688576885;6.184655015464657;0.000000000000000e+00;4.697982676524583e+20;5.439068534791887e+02
2.471054900469379;-0.939992253146826;1.219249689022548;6.144963861187812;0.000000000000000e+00;3.834089230785949e+20;4.046989052923111e+02
2.472244448941265;-0.939992248675052;1.219249689460179;6.697727450772412;0.000000000000000e+00;4.572321656485023e+20;5.988073381881187e+02
2.473583987960703;-0.939996313700910;1.219249689927449;6.194249569894403;0.000000000000000e+00;3.901826091697390e+20;4.600252305979920e+02
2.475347901243184;-0.939995504316113;1.219249690474923;6.387956029841074;0.000000000000000e+00;3.881052914391398e+20;3.498847507800698e+02
2.477533304100253;-0.939994686250751;1.053220309901503;6.071548008224135;0.000000000000000e+00;4.005932926064424e+20;4.331570574238103e+02
2.480155292398434;-0.939991309196170;0.721161547929259;5.657764632555349;0.000000000000000e+00;4.017615494021138e+20;4.797934611407105e+02
2.483211811426213;-0.939992133531041;0.721161547929259;5.429177639396883;0.000000000000000e+00;4.671796181955951e+20;6.706909926249423e+02
2.486713804434881;-0.939994018421546;0.721161548704304;5.595444408010238;0.000000000000000e+00;4.066165415208602e+20;4.634556446748873e+02
2.490663742941630;-0.939995246906686;0.721161551013355;5.509538623919212;0.000000000000000e+00;4.247200231949621e+20;4.573283759100768e+02
2.495056282817447;-0.939993115131444;0.721161553361192;5.643695985979060;0.000000000000000e+00;4.739820784266680e+20;4.638282591159889e+02
2.498130786972971;-0.939993363368268;0.721161555021018;5.704078571173865;0.000000000000000e+00;4.147939357616462e+20;3.316227631053932e+02
2.500212726134435;-0.939993807667616;0.506627199576660;5.431037848010371;0.000000000000000e+00;4.083413187423359e+20;4.458790221358094e+02
2.506335375154816;-0.939993892623787;0.292092844132302;5.451525648717784;0.000000000000000e+00;4.123290697288617e+20;4.826694457013922e+02
2.512765368612815;-0.939993545510413;0.292092844132302;5.315520383300690;0.000000000000000e+00;4.067021806612758e+20;5.531034661515545e+02
2.519505940604379;-0.939989978399703;0.292092845775572;5.560972836624035;0.000000000000000e+00;4.446657802937873e+20;5.500084679210216e+02
2.526483361343168;-0.939993039745729;0.292092850205943;5.973599275115901;0.000000000000000e+00;3.893260344521317e+20;4.633126090631367e+02
2.531514905650344;-0.939993630509245;0.292092852493607;6.117110725985532;0.000000000000000e+00;2.775957188320305e+20;3.942368731222996e+02
2.533607885617331;-0.939993249354244;0.292092853760363;5.845164781979943;0.000000000000000e+00;4.055068451958366e+20;5.045815869263018e+02
2.540940827417603;-0.939994781541496;0.212490189602866;5.945550446009855;0.000000000000000e+00;3.996701099428724e+20;5.261719592035420e+02
2.548082229912985;-0.939991597525826;0.053284858754358;5.765927364006852;0.000000000000000e+00;4.568921601192569e+20;7.337885750393310e+02
2.552724784059718;-0.939993643196186;0.053284858754358;5.955641706565248;0.000000000000000e+00;4.059870939939923e+20;5.189703918296597e+02
2.555644999429525;-0.939992068742179;0.054507624415641;5.827822613656394;0.000000000000000e+00;3.056927314437794e+20;5.219411863684793e+02
2.557376620204902;-0.939992512997855;0.057469647468362;5.704215889675257;0.000000000000000e+00;3.782534283257381e+20;5.368668827019427e+02
2.558636923020904;-0.939993446617393;0.058768929122607;5.866235884831457;0.000000000000000e+00;3.782272016007104e+20;5.938886133457073e+02
2.560173730920547;-0.939991626205872;0.059424884826706;6.122403509409473;0.000000000000000e+00;3.694976298178094e+20;5.855945191426545e+02
2.562159665530438;-0.939992057977334;0.059714174336376;5.849746883303820;0.000000000000000e+00;3.277312955537972e+20;4.489424127133773e+02
2.564323585594320;-0.939993545781827;0.059811286163203;5.789186672079240;0.000000000000000e+00;4.496366723652226e+20;5.053345830381032e+02
2.566637584604984;-0.939994659482903;0.059835226307996;5.730284903290323;0.000000000000000e+00;4.025115102771290e+20;5.213444988385600e+02
2.567233371740251;-0.939992287182355;0.059838310869835;5.387454695332019;0.000000000000000e+00;3.840695095869385e+20;5.066134582157812e+02
2.570515428311770;-0.939993168582980;0.059841582829099;5.494893185088190;0.000000000000000e+00;3.177681691710415e+20;4.739095528765266e+02
2.573807839868204;-0.939993962260385;0.059841964671523;5.777346643563241;0.000000000000000e+00;3.508767578616444e+20;6.442144942984295e+02
2.577724448387274;-0.939992297579359;0.059841978391987;5.984037215542578;0.000000000000000e+00;3.560694467131022e+20;5.003742618473300e+02
2.579993683328818;-0.936941060058567;0.059841968968897;6.220385005838822;0.000000000000000e+00;3.254752587285441e+20;3.764930132456625e+02
2.579994039515539;-0.931041969220030;0.059841869395669;5.569490368488694;0.000000000000000e+00;2.987442554275917e+20;3.329732973529696e+02
2.579990378488866;-0.929618755368736;0.059841704944095;5.691366464402747;0.000000000000000e+00;3.562362926217818e+20;4.211023728993708e+02
2.579991922863897;-0.924583892532029;0.059841130725272;6.125484870015140;0.000000000000000e+00;3.443658151767955e+20;3.981517121340064e+02
2.579992064230675;-0.917296452553684;0.059840556506450;6.283821554116461;0.000000000000000e+00;3.169123562229436e+20;4.296099927675467e+02
2.579992767811976;-0.909089211462133;0.059840556506450;6.581729209194581;0.000000000000000e+00;3.132010078109957e+20;4.718181519066138e+02
2.579990893272351;-0.902698966034947;0.234029773476276;6.167485088080539;0.000000000000000e+00;4.171126653697584e+20;7.005535324614317e+02
2.579990473331024;-0.900046691157776;0.292092841240600;6.284830823879465;0.000000000000000e+00;3.571381712469654e+20;5.444652048372596e+02
2.579993586355813;-0.890496686575992;0.292092836681649;5.858433658659376;0.000000000000000e+00;3.409036235700905e+20;5.728026183807950e+02
2.579989305412409;-0.881606010952883;0.292092836681649;5.742379175822992;0.000000000000000e+00;3.882020318757502e+20;7.089039088261779e+02
2.579993210265627;-0.877296481785696;0.613894374547496;5.950379303714387;0.000000000000000e+00;3.927386642707557e+20;7.688530955736677e+02
2.579992156735806;-0.874158742954182;0.721161552346484;6.158233712166558;0.000000000000000e+00;3.972844458202764e+20;8.698130503957540e+02
2.579992505017471;-0.867589675020626;0.721161550856857;6.238210697357768;0.000000000000000e+00;4.436587333659888e+20;1.026167430246262e+03
2.579987587193918;-0.860398601771549;0.721161550856857;6.375930293729840;0.000000000000000e+00;4.491873033964466e+20;1.169075208889783e+03
2.579991906676196;-0.853098860907269;1.094727657956937;6.429580127777884;0.000000000000000e+00;5.144879516491823e+20;1.290669570823486e+03
2.579993724873536;-0.851218658460406;1.219249692477197;6.662953580139556;0.000000000000000e+00;5.292852307436578e+20;1.414337557376564e+03
2.579990890460353;-0.840499811531335;1.219249690464441;6.776195748571939;0.000000000000000e+00;5.129569155434588e+20;1.054999919092327e+03
2.587224378104385;-0.839389695961898;1.219249687814663;6.808683967956015;0.000000000000000e+00;6.206076804438481e+20;1.624075647437035e+03
2.589991984685578;-0.833332268525687;1.219249685847064;6.579196751636765;0.000000000000000e+00;5.523842321032031e+20;1.378741956100517e+03
2.589991452125709;-0.822990360518967;1.219249685847064;7.289696232786646;0.000000000000000e+00;4.885362150600718e+20;1.474938936613176e+03
2.589994926985266;-0.821890694677638;1.419728640681314;7.368306386615523;0.000000000000000e+00;6.013279866331802e+20;1.565321206085280e+03
2.589994651133275;-0.811270112576964;1.486554958959397;6.985773422830244;0.000000000000000e+00;6.855298328930031e+20;1.742520477156921e+03
2.589989959847219;-0.800252893190113;1.594302710136368;6.805863508530654;0.000000000000000e+00;5.839740265625648e+20;1.295849696690027e+03
2.589994900050716;-0.798829260940980;1.630218625452722;6.677148719819939;0.000000000000000e+00;7.554579626192703e+20;1.860105812144907e+03
2.589991751578421;-0.786057441748777;1.630218623710085;7.060418505179328;0.000000000000000e+00;6.713536882982949e+20;1.811546652764716e+03
2.589992720028396;-0.779750105146101;1.761174820444146;7.270121213174873;0.000000000000000e+00;7.558907393959418e+20;1.820310230047980e+03
2.589991479042296;-0.772620005630454;1.804826886022166;7.178286843199430;0.000000000000000e+00;7.726159034578736e+20;1.956502313010945e+03
2.589995353831592;-0.760407173646765;1.904636934929084;6.982944315628156;0.000000000000000e+00;7.425727606410710e+20;1.863967787621081e+03
2.589993303970638;-0.758580068400768;1.937906951231390;7.187133994021282;0.000000000000000e+00;8.389799033538392e+20;1.833989879790217e+03
2.589991313537945;-0.743615907254506;1.937906951231390;7.687105863818534;0.000000000000000e+00;7.510240840952759e+20;1.506217478079103e+03
2.589995069535097;-0.742171354728846;1.938148446000698;7.990471488387040;0.000000000000000e+00;6.618271775581826e+20;1.210490464158759e+03
2.583370251228252;-0.730405234903440;1.987315500811369;7.827771731731909;0.000000000000000e+00;4.046682177791414e+20;4.135717331679985e+02
2.579215240708857;-0.730406561277099;2.036361808237386;7.733020821893127;0.000000000000000e+00;4.315807219608477e+20;3.936649804918621e+02
2.566994308931586;-0.730408600413326;2.036361809997692;7.814206286919904;0.000000000000000e+00;5.359127319744667e+20;5.066141994336695e+02
2.563193440398110;-0.730409306034184;2.024182272786650;7.838176674896062;0.000000000000000e+00;4.302520904727837e+20;3.100658516529665e+02
2.555602734736519;-0.730409192146377;1.987643650591689;8.024497738253158;0.000000000000000e+00;4.519268312703481e+20;3.783882153299110e+02
2.544742963190196;-0.730405489800769;1.987643648014221;7.702695198869342;0.000000000000000e+00;5.592137500745472e+20;4.893580361372858e+02
2.544496651197689;-0.730409129167322;1.970294493064101;7.637166211336712;0.000000000000000e+00;4.227396188733660e+20;3.090309168544263e+02
2.534344712117987;-0.730406605452305;1.918247043678545;7.781517112820745;0.000000000000000e+00;4.266266885736339e+20;3.203401866628757e+02
2.526184602017622;-0.730406338541860;1.922709753198370;7.374974997733204;0.000000000000000e+00;4.453696657917864e+20;4.336433968195582e+02
2.524217478832908;-0.730406794970356;1.936097881757846;7.310056521028794;0.000000000000000e+00;4.165211120854388e+20;3.025068734759923e+02
2.514635941788339;-0.730406321838488;1.936097881757846;7.690074815905443;0.000000000000000e+00;4.288274704202714e+20;4.047012812970607e+02
2.508449915625145;-0.730409844914913;1.963125021335679;7.795063533854131;0.000000000000000e+00;3.949562756404260e+20;3.388418414013639e+02
2.506033804707274;-0.730410091014543;2.044206440069180;7.887113932802755;0.000000000000000e+00;4.614935926508943e+20;4.160298193544501e+02
2.498070953101539;-0.730408066547599;2.044206440069180;7.896885903336584;0.000000000000000e+00;4.190110632293874e+20;2.512919255973370e+02
2.491200314016222;-0.730410255725190;2.083266885150993;7.538346368737496;0.000000000000000e+00;3.367684543703462e+20;1.735260220746243e+02
2.489862948735349;-0.730406548277551;2.200448220396430;6.723082240827503;0.000000000000000e+00;3.912071643173245e+20;3.105312960354337e+02
2.481184863340754;-0.730409597345066;2.200448220396430;7.677387684319573;0.000000000000000e+00;4.534005746486287e+20;3.647100716245367e+02
2.474545914950982;-0.730407152054957;2.288565334939659;8.571991958912005;0.000000000000000e+00;1.382226280927224e+21;3.253005774929890e+03
2.467664313273431;-0.723052633519054;2.616417294790919;9.378899987350826;0.000000000000000e+00;1.674879178494213e+21;4.042631055365389e+03
2.463024374254369;-0.715157448601977;2.954258070730583;9.969949173934666;0.000000000000000e+00;1.937650889155382e+21;5.678781240751606e+03
2.461988780804445;-0.706612909933652;3.034258948037734;10.445302083505993;0.000000000000000e+00;1.987087970118287e+21;5.393677718435390e+03
2.461991621105285;-0.704855410310620;3.260888937925508;10.614308335262926;0.000000000000000e+00;2.221857860059325e+21;6.538313832250814e+03
2.461990941080180;-0.695850293873682;3.336432267888100;10.999839521949943;0.000000000000000e+00;2.192035167932727e+21;5.733885406700185e+03
2.461993644246023;-0.694012161080104;3.461864018324071;10.310524961755810;0.000000000000000e+00;1.484275754818287e+21;2.360534743858078e+03
2.460022222579059;-0.693405038127308;3.587295768760041;9.846084713633946;0.000000000000000e+00;1.115505258805872e+21;1.242315317341938e+03
2.451403870485014;-0.693404718246275;3.587388007428028;10.599825073572248;0.000000000000000e+00;1.055887161591725e+21;9.398529353059432e+02
2.449012148458778;-0.693408721263113;3.650418746675251;10.563324189245851;0.000000000000000e+00;9.788330927847554e+20;9.637053908141769e+02
2.443053077832276;-0.693406120407262;3.838957532408994;10.353432559916017;8.182559691370117e+17;9.530483009771724e+20;9.825541532508623e+02
2.436640487205632;-0.693406459963615;3.924933532006329;10.489991432142180;0.000000000000000e+00;8.682916595948205e+20;9.063240113746522e+02
2.435258191058205;-0.693408540410103;4.182861530798333;10.152916148014526;0.000000000000000e+00;1.013749026973604e+21;9.064255550618873e+02
2.427837340189502;-0.693405612113062;4.182861530798333;10.199880322060080;0.000000000000000e+00;1.045798308779815e+21;1.018796547704277e+03
2.425089080498412;-0.693409159940766;4.306485233649534;10.330114611320802;2.198272247438183e+18;1.007662838147900e+21;9.051249948729256e+02
2.420292172250710;-0.693406695817179;4.677356342203136;10.826509423736754;0.000000000000000e+00;1.026070153747297e+21;9.768196303658600e+02
2.414329419969515;-0.693408881196141;4.850537640788706;10.126436820552223;0.000000000000000e+00;1.019327190908079e+21;1.010495764974697e+03
2.412402725088413;-0.693406597858398;5.370081536545416;9.313790607651715;3.291063990067238e+18;1.156532032592797e+21;1.273106610033423e+03
2.404704265330565;-0.693408675828716;5.373448557015308;9.752667346408366;0.000000000000000e+00;1.331214075378139e+21;1.434446878565238e+03
2.404214119102351;-0.693407971627541;5.622180834786666;9.880116451495429;1.990846676622893e+19;1.146875851918105e+21;1.424321361651356e+03
2.397565023800935;-0.693409862874757;6.348175545281380;10.052715427420509;0.000000000000000e+00;1.219613769273051e+21;1.558296875870375e+03
2.394411371936900;-0.693408712112219;6.700349665239472;10.083390257883632;5.581271364905406e+19;1.303908349414602e+21;1.858682983837577e+03
2.390489258675345;-0.693411111824440;7.756872025113748;9.952749050531885;6.249618698307452e+19;2.572069640417386e+21;7.126950822849239e+03
2.387757139604177;-0.691172652861495;8.635020758278843;10.317990376642793;2.800589305666086e+20;2.737163970527885e+21;9.932198496829174e+03
2.383602637459874;-0.687010704377933;12.367518272106008;10.497228678678471;0.000000000000000e+00;2.938013528547464e+21;9.296294620209825e+03
2.381706494490870;-0.683684271149777;13.331532309152937;10.821839062834513;0.000000000000000e+00;1.199531546923113e+21;5.044355571166373e+03
2.385603931928745;-0.679784593716009;13.589316499014913;11.427848683985511;0.000000000000000e+00;1.145726339920512e+21;4.328865040709621e+03
2.389569620290601;-0.675818977398255;13.880813948801018;11.631362229264260;0.000000000000000e+00;3.165180547398742e+20;1.911660589471058e+03
2.396984246015595;-0.675390146624523;13.888423933629319;14.937506185714142;7.386421460691529e+20;6.973579830543463e+20;1.315029509477500e+04
2.397004416885104;-0.675391614163798;13.348608679496202;19.691272744504914;8.906072505870924e+20;2.661839146653056e+20;1.015621332134848e+04
2.404998580869704;-0.675388805079904;13.348608679496202;16.409012669744211;1.011314645701747e+21;2.746592751468926e+20;9.234809878502136e+03
2.405971295976522;-0.675391255370785;13.247528148405161;15.795507210905267;6.029008847994233e+20;2.203869823608408e+20;7.757136411480788e+03
2.412870209038582;-0.675390135766240;12.944286555132042;16.682297484960596;5.991673501113363e+20;2.424853105654926e+20;8.176775057846387e+03
2.415609305460916;-0.675391762479524;12.833915201673765;14.847782528919403;4.716807083005892e+20;1.971113202115354e+20;6.497951163892099e+03
2.420802783748232;-0.675389258736600;12.502801141298942;15.209704669804998;4.875360025927188e+20;2.209279982572506e+20;6.370302141411475e+03
2.425569057303790;-0.675389963289639;12.374958389285926;15.496536595103899;3.716678077550370e+20;2.381882561273388e+20;5.134188063719653e+03
2.428973619335043;-0.675390777254428;11.991430133246874;16.110416415041552;3.874526963294552e+20;1.930481156189878e+20;4.774957549671743e+03
2.436386188841573;-0.675390586766397;11.857385613851134;15.590947009441511;2.821258800416469e+20;1.542022892667114e+20;3.922894071329206e+03
2.437365922662649;-0.675392041435422;11.455252055663919;15.779233958284872;2.994794612251963e+20;1.630710031986607e+20;3.693430848648576e+03
2.445881342981989;-0.675392580090076;11.455252055663919;16.260824230666472;2.927293843008332e+20;2.307630433231228e+20;3.637429275209615e+03
2.447686447825888;-0.675392452355947;11.310392417613828;15.443822574076030;1.836601054571027e+20;1.766203975100987e+20;3.223891262160441e+03
2.454500253892518;-0.675390133482022;10.875813503463556;15.686044316301118;2.042186797706034e+20;1.460218973287099e+20;2.849994251628087e+03
2.459470446932619;-0.675391138805632;10.720624765688321;15.156481134492529;1.747592507719901e+20;1.577797340554927e+20;2.354457680554280e+03
2.463330930714502;-0.675389622329222;10.255058552362616;15.837616545356735;1.675711566225570e+20;1.249327353722157e+20;2.130832905604801e+03
2.472161567985313;-0.675389877971356;10.097741468428936;13.537689013366128;2.119258463353615e+20;1.126175765879609e+20;1.588438902824474e+03
2.472332767708431;-0.675390443430188;9.625790216627893;12.946376233002269;1.107211886811462e+20;1.126861598292006e+20;1.776515295828636e+03
2.481863826661904;-0.675389047901212;9.625790216627893;14.178003159228586;1.182318375522765e+20;1.197786324086575e+20;1.486894059264374e+03
2.486291995662251;-0.675392108749191;9.472714429159025;13.354800444400890;6.224711561264353e+19;1.319918365621677e+20;1.629800033657879e+03
2.491916780464457;-0.675391103313184;9.013487066752420;13.493080685720759;1.002323960809001e+20;1.163130975039859e+20;1.348126511561659e+03
2.499962876203077;-0.675391606859469;8.868498504423318;13.668972246075768;7.053653868830210e+19;1.048698235136457e+20;1.124467186962553e+03
2.502049158132538;-0.675389448141106;8.433532817436014;14.932780955259837;6.414363375849495e+19;8.353787648767866e+19;1.151872344839497e+03
2.512619077212199;-0.675392193928269;8.443635049199388;14.950819171605813;2.813410770411660e+19;8.767283807596788e+19;1.074644648254942e+03
2.514093889802515;-0.675389953731720;8.316288143135843;13.552342329492749;3.730308755535015e+19;8.855810021811616e+19;8.734396947446103e+02
2.523650427484619;-0.675390346546868;7.873634034364948;12.426363111897608;3.714810407385368e+19;8.082340645576989e+19;7.858252210529351e+02
2.528841076816009;-0.675389127379204;7.732723926480433;12.985377470913756;2.867410499881032e+19;8.293227059214259e+19;7.324736844642074e+02
2.535445807980043;-0.675393521046830;7.309993602826887;13.021598495758255;2.292032036779823e+19;7.756975426447499e+19;7.290215908948620e+02
2.544815883091509;-0.675391347843116;7.175137959335525;14.506782574496114;4.380124886969429e+19;7.328663019007798e+19;6.125775460853301e+02
2.547462650612654;-0.675388118830023;6.770571028861442;14.383828276183518;2.326872834573383e+19;5.679727911780843e+19;6.457300907622180e+02
2.560219835395585;-0.675394549253042;6.777143947497826;12.424816341051695;3.720738367477310e+19;6.308003583823260e+19;8.189997452968248e+02
2.561066126186317;-0.675390530524661;6.661231174687472;13.043107689038328;8.702306523249739e+18;5.909907276780543e+19;5.509547148553760e+02
2.573652536691662;-0.675392307100283;6.274055344438113;13.928401317865262;4.123318009845270e+18;4.784036165391009e+19;6.123830276104593e+02
2.577635309736757;-0.675390801092880;6.159075572730722;14.038712903578961;4.560461858694907e+18;6.859876748341248e+19;5.043896375291214e+02
2.587693868366843;-0.675390672696835;5.814136257608546;13.779744942789058;3.924672157760317e+18;5.425035109626379e+19;4.388638585363318e+02
2.594412720889648;-0.675391658442596;5.708523607526329;13.592321127508765;9.320975009865781e+18;7.116716595878860e+19;4.526209903975808e+02
2.602626584891512;-0.675390825442435;5.391685657279680;15.049831216522124;5.551745974930254e+18;4.696768582404709e+19;3.673927133815839e+02
2.611622789965396;-0.675393622799523;5.295708489140046;13.815635116577367;3.452318319351462e+18;6.368143111884195e+19;4.664133673734485e+02
2.618383999543163;-0.675393176574459;5.007776984721144;11.989592441254956;3.980300715397775e+18;5.711129181533414e+19;4.148228592656417e+02
2.629013593061075;-0.675392304178515;4.919335485471305;12.408839620294518;4.000527639140262e+18;5.510620895901866e+19;3.454574628828627e+02
2.634908758749899;-0.675392622371734;4.654010987721790;13.093709788308026;2.344833142209441e+18;6.596633821929863e+19;4.194217095045616e+02
2.647577592396210;-0.675391980633361;4.572543168158676;14.118629158754686;1.573094641743367e+18;5.655558127645008e+19;3.691669130503479e+02
2.652766517519305;-0.675393530549358;4.328139709469334;14.590650234176785;9.346186049629093e+17;4.328112721274858e+19;3.159550724326247e+02
2.666622565733327;-0.675392263201784;4.254144204073989;14.791957669878633;0.000000000000000e+00;4.313674488319777e+19;2.781696513142671e+02
2.671368914279055;-0.675390154049081;4.032157687887956;14.886331649060775;0.000000000000000e+00;4.535503501163040e+19;3.027962452034172e+02
2.686210309267710;-0.675392754030537;3.960780089365298;14.118017709998234;0.000000000000000e+00;3.358680528960900e+19;2.339409277942233e+02
2.691408969133608;-0.675392382876306;3.746647293797325;14.339807754161598;0.000000000000000e+00;4.113320235741993e+19;3.076685336461899e+02
2.706356730900097;-0.675390552164705;3.665173401687681;16.430855629347107;0.000000000000000e+00;3.577087260892081e+19;2.595596405107052e+02
2.712578608065487;-0.675391035026159;3.420751725358748;16.336354004012968;0.000000000000000e+00;4.067056516852675e+19;2.780675041676721e+02
2.727201096755398;-0.675395245643732;3.340602183872922;15.925283222382856;0.000000000000000e+00;3.894801075926961e+19;3.189050167079629e+02
2.735196116347982;-0.675394585151730;3.100153559415443;15.977298994279547;0.000000000000000e+00;3.795687690836596e+19;2.450114024923345e+02
2.748835561470538;-0.675392518972734;3.100153559415443;14.276701590622480;0.000000000000000e+00;8.726858750316762e+19;7.866820773265013e+02
2.753932640614281;-0.670195996706334;3.023167728505227;12.900901791365037;0.000000000000000e+00;3.531345839314912e+19;1.607453711671619e+02
2.771420143699784;-0.675389885524019;2.644238988040914;12.238994333614677;0.000000000000000e+00;3.981758028232919e+19;1.265993878269214e+02
2.786006569386178;-0.685049048977453;2.236791765394437;9.426523405885776;0.000000000000000e+00;1.844818781286775e+19;1.854263898007714e+01
2.778237730432954;-0.693407653206239;2.149512566310425;7.353062953992540;0.000000000000000e+00;0.000000000000000e+00;5.662107972901018e-01
2.778133197701255;-0.693408495850969;2.053866159312777;7.316211843218087;0.000000000000000e+00;1.438633390195063e+19;1.297110498613178e+01
2.753730608295075;-0.693832103432776;1.767058668051212;6.968061888424996;0.000000000000000e+00;1.800966750578350e+19;8.610370309385740e+00
2.750007386001746;-0.697571628148597;1.767058668051212;7.091175650290068;0.000000000000000e+00;1.790701836745951e+19;1.468454566416341e+01
2.745399253174520;-0.708404540772417;1.767058668051212;7.329035212484552;0.000000000000000e+00;1.680113849830733e+19;9.978041761795609e+00
2.739228009337477;-0.708409415240602;1.657717439110249;7.863931452224923;0.000000000000000e+00;1.012926109674342e+19;6.339648095999976e+00
2.723614001933656;-0.708409897108649;1.329693752287361;7.958570124351187;0.000000000000000e+00;1.619559313887216e+19;8.321469374622485e+00
2.715898513950364;-0.708409546677736;1.329693752287361;7.764374590177342;0.000000000000000e+00;1.928097939592646e+19;9.607582389151892e+00
2.702777751316059;-0.708405550191751;1.153817615429179;7.670172869800165;0.000000000000000e+00;1.834806480225868e+19;2.085604435330621e+01
2.696160920501820;-0.721937182471855;0.977941478570998;8.353827788570143;0.000000000000000e+00;1.138450335067091e+19;1.578496088152703e+01
2.684997049752247;-0.730408018788608;0.977941478570998;8.086742301779291;0.000000000000000e+00;1.705731890534247e+19;1.876586246801222e+01
2.670064275569026;-0.730405447943569;0.977941478570998;7.070813648523862;0.000000000000000e+00;1.412277613111799e+19;1.621072588983468e+01
2.667203923778246;-0.730408889813409;0.977941495682513;7.482431933643146;0.000000000000000e+00;1.255766754594691e+19;2.040736940753549e+01
2.660009269069636;-0.739569656722916;0.977941512794027;8.502648340001425;0.000000000000000e+00;2.404850987090699e+19;4.814820181232807e+01
2.660006965132396;-0.741195743720660;0.977941436862175;9.115767887619651;0.000000000000000e+00;1.958892627502445e+19;3.999332619510319e+01
2.660006108335649;-0.759231332837933;0.977941360930324;6.893877270432346;0.000000000000000e+00;2.274726344553393e+19;3.358125631875969e+01
2.660007766803202;-0.761182801275825;1.241753231593385;6.996262801266489;0.000000000000000e+00;1.523583979324646e+19;1.912161135308590e+01
2.660006822547309;-0.776525334647851;1.329690521814406;8.180550594121524;0.000000000000000e+00;2.206534387587556e+19;4.943694517396633e+01
2.660005938468055;-0.784288675007274;1.657654389279324;9.471932036010564;0.000000000000000e+00;1.866132565168287e+19;5.735508135191539e+01
2.660009949814707;-0.793343714015291;1.766975678434297;8.651989940670880;0.000000000000000e+00;1.822118788751903e+19;1.903807130026427e+01
2.660008489449416;-0.809097991852264;2.053365649887884;8.105861141909225;0.000000000000000e+00;1.977584580079398e+19;1.458528005360632e+01
2.660004970129596;-0.809516135516518;2.148808574730215;9.570852938519250;0.000000000000000e+00;2.903729490155911e+19;3.306752610066279e+01
2.660008624252614;-0.824740636096196;2.148788175754683;8.849492965962247;0.000000000000000e+00;1.555954736956340e+19;6.686437872980120e+00
2.660008961802814;-0.835366318635198;1.932071371443906;6.260998607422918;0.000000000000000e+00;2.210564739344361e+19;5.147410197716628e+01
2.670007345021848;-0.850701686135185;1.859832436673646;4.685770916831030;0.000000000000000e+00;1.592850006493125e+19;1.067851580980710e+01
2.670007503501195;-0.854410966416810;1.669683682091819;5.845179989481643;0.000000000000000e+00;2.523954102245631e+19;2.527263209903608e+01
2.670007711027702;-0.865097881069123;1.606300763897877;6.085951761204342;0.000000000000000e+00;2.088434693889922e+19;1.988174183951401e+01
2.670007195452909;-0.879014654081993;1.606300763897877;6.613314381024471;0.000000000000000e+00;2.665396533299644e+19;2.505304978454138e+01
2.670005016363127;-0.884566076317644;1.496325918869651;6.640397553611948;0.000000000000000e+00;2.232301673319091e+19;2.032995862313422e+01
2.688241278060191;-0.899471004531769;1.386351073841425;6.512336900663515;0.000000000000000e+00;2.597020098105712e+19;6.289299068869280e+01
2.690701172639420;-0.898645220234950;1.386351073841425;6.602342327726827;0.000000000000000e+00;1.859508873583583e+19;2.104551386268328e+01
2.697900768289697;-0.896226006018464;1.210560614230121;6.401679526716643;0.000000000000000e+00;1.702546853870849e+19;2.068860814923477e+01
2.708360622476851;-0.892716778162323;1.034770154618817;6.092372947865182;0.000000000000000e+00;1.231122065394938e+19;5.944649534311397e+00
2.719337434336628;-0.889030049347948;1.034770154618817;5.541028831709649;0.000000000000000e+00;2.170292958220271e+19;7.243739737363300e+00
2.730477036859506;-0.885292779817480;1.034770523399031;6.340231758973755;0.000000000000000e+00;1.551142163794093e+19;9.850967539363623e+00
2.742510336236132;-0.881252793851995;1.034771579041268;7.746411011007901;0.000000000000000e+00;3.403628786207807e+19;1.668878839683135e+01
2.746933064241833;-0.879768179987628;0.962364691906128;9.041047305452755;0.000000000000000e+00;2.535690083453716e+19;3.848002606727429e+01
2.755259771969814;-0.876975099008704;0.745142122009844;9.670307826786459;0.000000000000000e+00;1.984143829731231e+19;1.908479741168079e+01
2.768112817050165;-0.872657488828891;0.745142122009844;6.583139235166006;0.000000000000000e+00;7.430987158954672e+18;1.288736925551746e+01
2.781841639711225;-0.868051394709838;0.745142140275228;5.287111870718742;0.000000000000000e+00;1.222394365547618e+19;1.474446113589118e+01
2.794324647218718;-0.863861991367255;0.745142176805997;8.562011660183668;0.000000000000000e+00;9.747835619296467e+18;1.008193032437222e+01
2.796207119316272;-0.863229194533852;0.745142146028520;12.742125701363559;0.000000000000000e+00;2.127807362225945e+19;1.703190364015055e+01
2.799144234755018;-0.858870850627021;0.745142115251043;6.828304179332490;0.000000000000000e+00;1.987556942495005e+19;1.485307133810280e+01
2.799662099625981;-0.847293374927323;0.745142115251043;5.263636628368985;0.000000000000000e+00;1.349195990757278e+19;1.644292864237246e+01
2.800627917475856;-0.825628100535269;0.745142115251043;6.873231876025675;0.000000000000000e+00;0.000000000000000e+00;3.444178061311102e+00
2.800638573910681;-0.825456245702691;0.962365108163381;7.748760523711812;0.000000000000000e+00;1.342445358893957e+19;2.906641522162126e+01
2.801543533942321;-0.805141158298972;1.034772772467494;7.462247729165354;0.000000000000000e+00;1.563245436545981e+19;1.242992075828259e+01
2.805249988423196;-0.787543854443071;1.034772772467494;8.308588710162139;0.000000000000000e+00;2.000896009435348e+19;4.980247330473408e+01
2.820445988894404;-0.779971499717060;1.085669666093220;8.832362206606051;0.000000000000000e+00;1.921092879709870e+19;8.502523889373659e+01
2.837227240185790;-0.771160308482240;1.187463453344671;10.246223929045367;0.000000000000000e+00;2.322410463923771e+19;9.834652059259311e+01
2.854032694245652;-0.761860281966292;1.187464330166093;11.256146098743338;0.000000000000000e+00;2.411770180223134e+19;1.112893122986921e+02
2.862092019491397;-0.757228159545431;1.151208688845950;10.801630956200668;0.000000000000000e+00;2.135242711755356e+19;1.296379745866940e+02
2.871017604665271;-0.751969265447381;1.042436503956993;10.154234460949347;0.000000000000000e+00;1.810990522461384e+19;1.454432375104053e+02
2.888901849402772;-0.740994242881582;1.042436503956993;10.542412630996632;0.000000000000000e+00;2.735041686600378e+19;1.606844653518281e+02
2.908052573526207;-0.728564843315543;1.042436812044519;10.609831935872764;0.000000000000000e+00;2.836632171056839e+19;1.985182570753097e+02
2.919754653991843;-0.720608437120140;1.005868491820745;12.341114265581634;0.000000000000000e+00;2.340387393424302e+19;2.430786079021975e+02
2.928116596650861;-0.714755033717606;0.896161682624267;13.154765854333975;0.000000000000000e+00;2.930668135299448e+19;2.366403221620552e+02
2.947500555352526;-0.700639443586670;0.896161682624267;12.813286271796857;0.000000000000000e+00;3.195846199223987e+19;2.550296796787083e+02
2.966155748514285;-0.686222800915891;0.896161828071414;11.700238692179346;0.000000000000000e+00;4.298075451841330e+19;4.034207992581785e+02
2.988600115525348;-0.667808168970073;0.896162248347700;12.745873045139788;0.000000000000000e+00;6.166684313879128e+19;7.289147297792906e+02
2.989265409146106;-0.667237225076155;0.850223052225170;12.999721549470618;0.000000000000000e+00;5.473852751223600e+19;4.884991565804698e+02
3.009116520814644;-0.649838768211511;0.712404687565622;13.469763807455443;0.000000000000000e+00;6.006072134278332e+19;4.850309208284489e+02
3.029173890330921;-0.631116150009047;0.712404687565622;14.389731572446289;0.000000000000000e+00;5.488363912551597e+19;4.179724548044346e+02
3.050267354553910;-0.610113899410544;0.712404835066736;14.387727237117048;0.000000000000000e+00;6.316077169281801e+19;3.950041279731232e+02
3.072809568826684;-0.586011664962553;0.712405262232269;14.029031387194914;0.000000000000000e+00;4.973785160514557e+19;3.560485033049842e+02
3.075926274617146;-0.582513309493892;0.712405526558881;12.042437610402636;0.000000000000000e+00;6.983331564596319e+19;4.163628510646573e+02
3.092778169347662;-0.563041281200416;0.439669821270644;11.548960395827745;0.000000000000000e+00;6.366318782065503e+19;4.025918455083791e+02
3.113338330528111;-0.537565570813711;0.166934115982407;12.929584157364722;0.000000000000000e+00;7.842843621854087e+19;4.497244661896527e+02
3.135485514348417;-0.507800601473585;0.166934115982407;13.405439906842375;0.000000000000000e+00;7.370190163835038e+19;3.836730868847231e+02
3.154066319637218;-0.480600614734213;0.166934179224501;12.951106694650889;0.000000000000000e+00;7.715416736441038e+19;3.850671442174984e+02
3.174442613941246;-0.448034770960315;0.166934328255358;12.882348581125845;0.000000000000000e+00;7.880627971727380e+19;2.949502948722214e+02
3.160916874675049;-0.415324235544948;0.530582536331603;12.381475136370129;0.000000000000000e+00;6.625581633686118e+19;1.806411839713180e+02
3.132375371071291;-0.416610141302479;0.834910551225090;9.961003446932061;0.000000000000000e+00;5.439430357257893e+19;1.509753432199986e+02
3.108419331718817;-0.417691531234761;0.969300430907735;10.300140487328056;0.000000000000000e+00;7.894387939497750e+19;1.056798009864752e+02
3.106111748306375;-0.417794887202119;1.042438343889363;11.189571806175710;0.000000000000000e+00;5.701539631430124e+19;9.082141070102811e+01
3.087165616577408;-0.418649450107776;1.100451896842067;10.646140218590164;0.000000000000000e+00;4.586200661693404e+19;8.331199175618332e+01
3.063749663119961;-0.419702970662149;1.187472226271124;10.998999464958295;0.000000000000000e+00;4.985984829965621e+19;9.605503166474239e+01
3.054318818446184;-0.430452362836588;1.286943923888770;9.706432682811300;0.000000000000000e+00;4.381533768366823e+19;7.813797963084751e+01
3.036436423529363;-0.457259420850277;1.386415621506415;9.035001548671200;0.000000000000000e+00;4.733544079927203e+19;1.062406040724133e+02
3.014138513225973;-0.470241154211612;1.441424432477116;12.829710010644687;0.000000000000000e+00;6.056837989431834e+19;1.440013873314483e+02
2.995600865841386;-0.470238914298845;1.606450865389217;13.529237451398703;0.000000000000000e+00;5.024741920001411e+19;1.845029029218625e+02
2.992774632088308;-0.470238482904272;1.707916286744597;13.707243887638047;0.000000000000000e+00;6.228862116218489e+19;1.761457669358038e+02
2.972460793068753;-0.470238764681624;2.053063737317762;14.879270341125585;0.000000000000000e+00;6.829900576930998e+19;1.902637372290403e+02
2.953514454767320;-0.470237195602851;2.414011527476061;16.101307784702826;0.000000000000000e+00;1.068029399832230e+20;8.464096359347402e+02
2.961404135725446;-0.449997946843739;2.502189840172291;16.499037530621571;0.000000000000000e+00;9.292281015022779e+19;6.399650380760936e+02
2.977708379564478;-0.425049133104534;2.502203720597389;16.165064883798461;0.000000000000000e+00;9.117612925528508e+19;6.531287592934286e+02
2.993540089430319;-0.398696657597888;2.502153645731902;15.632279929646463;0.000000000000000e+00;8.765986617023232e+19;6.332728031169451e+02
3.008713513886643;-0.371065177904255;2.502008028313382;15.913486323876429;0.000000000000000e+00;8.110707280313613e+19;5.965117914838736e+02
3.015456193479066;-0.357908301848468;2.501863317137906;16.769158603044175;0.000000000000000e+00;1.006180103476221e+20;6.974223910794802e+02
3.023211567224708;-0.341959982317656;2.501698349568477;16.120078428652736;0.000000000000000e+00;7.324269041023212e+19;5.757825735874180e+02
3.036792086037400;-0.311628302615976;2.501384095371752;16.552843025115219;0.000000000000000e+00;6.658733640263449e+19;5.571788871072946e+02
3.049318295249170;-0.280146126712539;2.500896457227268;17.649333400491720;0.000000000000000e+00;6.098966211841410e+19;5.251945178974873e+02
3.059522547689395;-0.251166774306639;2.500518327447490;15.213762672656493;0.000000000000000e+00;4.841208727966422e+19;4.523885272627449e+02
3.060778209336830;-0.247393747735684;2.500175071711832;14.728605273826286;0.000000000000000e+00;5.306867565189503e+19;4.847375581041720e+02
3.070948697583257;-0.213532907740489;2.499566044400994;14.334590720033995;0.000000000000000e+00;3.741208983927032e+19;4.840830494537880e+02
3.079801675007056;-0.178574509749695;2.498737350901908;13.570575943199882;0.000000000000000e+00;2.952322239017503e+19;4.345529105616376e+02
3.087146952524401;-0.142717681658118;2.497816121591127;13.956119668661335;0.000000000000000e+00;2.556395694918153e+19;4.278442600838729e+02
3.092910215377702;-0.106079968167671;2.496811634872134;11.296748908169336;0.000000000000000e+00;2.364275436982032e+19;3.954929726557178e+02
3.097035037621874;-0.068627684740647;2.496110375887451;10.383606736771176;0.000000000000000e+00;2.427708979394084e+19;4.456792879242856e+02
3.099391769466792;-0.030891311861352;2.496110375887451;11.783555686396040;0.000000000000000e+00;2.206541955787278e+19;3.974631944194469e+02
3.099941166559833;0.007473718953024;2.593255241209615;13.331825612859205;0.000000000000000e+00;1.830875120458939e+19;4.104873782919543e+02
3.098963769454521;0.040479897502819;2.787544971853941;12.852128434451311;0.000000000000000e+00;3.428673555067707e+19;4.313056710121770e+02
3.098652014945740;0.045992987930229;2.786655069442558;12.415882642424002;0.000000000000000e+00;1.860281361073781e+19;3.953017355280405e+02
3.095484942076919;0.084640200955825;2.785140584918029;13.559741182214125;0.000000000000000e+00;2.188915887934697e+19;4.069818194331345e+02
3.090460846444295;0.123022393770923;2.783891420691738;13.399868030938942;0.000000000000000e+00;2.060517077873233e+19;3.885927938507056e+02
3.083539841055252;0.161345216381314;2.783891420691738;12.513921401220935;0.000000000000000e+00;1.897194895620695e+19;3.970115739210195e+02
3.076000263958595;0.194377255435956;3.015413750452526;13.391458341859021;0.000000000000000e+00;1.658681321306621e+19;3.534328390998093e+02
3.074804032042570;0.199138616239939;3.091090694855438;13.208250144001587;0.000000000000000e+00;2.348509112054401e+19;4.408268314399312e+02
3.064244478255701;0.236447656564919;3.088553785099682;14.155150562322961;0.000000000000000e+00;2.150568135235773e+19;3.933182949807807e+02
3.051936996115308;0.273053275719062;3.086474296622872;14.330332355764634;0.000000000000000e+00;2.478927280834574e+19;4.025576111667260e+02
3.037988325414820;0.308764758999713;3.086474296622872;11.270006262640093;0.000000000000000e+00;2.565723511305564e+19;4.110017469687255e+02
3.035783146963576;0.314004280953113;3.325154262676961;11.328057129887378;3.182525587907298e+17;2.838415278131693e+19;4.234232425697018e+02
3.022464777173950;0.343522556862833;3.402121837054639;12.965710385026615;0.000000000000000e+00;2.831721253630577e+19;4.159719266154495e+02
3.005433651621429;0.377274077281149;3.399529422747621;13.564313334435276;0.000000000000000e+00;3.337941768851470e+19;4.412496914281418e+02
2.987027576707389;0.409833501772022;3.399529422747621;13.348434024292942;0.000000000000000e+00;4.895749158378648e+19;4.334453786412915e+02
2.985856734847923;0.411803312384041;3.690321428752772;13.474147590686089;0.000000000000000e+00;3.691057668758576e+19;4.659251685023444e+02
2.967365541970966;0.441110843937898;3.786293937471987;15.470158471354988;0.000000000000000e+00;4.717807153532357e+19;4.641573024358839e+02
2.956870384243132;0.470234845543811;3.553181210447737;13.910081813699961;0.000000000000000e+00;6.442586567293773e+19;1.548972886678225e+02
2.971467871778489;0.470241268067178;2.853317791635428;13.273258071038256;0.000000000000000e+00;6.695340033964704e+19;1.754404151304976e+02
2.986938104667581;0.470234600911810;2.398693865580870;14.255327988797532;0.000000000000000e+00;6.495196255051572e+19;1.369032918954734e+02
3.003421215701155;0.470241933525781;2.035193243778153;13.859825342728096;0.000000000000000e+00;6.977282010457562e+19;2.079716888227584e+02
3.021070508398983;0.470235982993722;1.718960317413749;13.401725497934793;0.000000000000000e+00;7.054536352523574e+19;9.649140949848379e+01
3.027323076755926;0.470090941368040;1.650898767096508;11.905267464164439;0.000000000000000e+00;5.425008266877510e+19;1.182234232201375e+02
3.050241840226478;0.436796605358626;1.650898767096508;10.840296409816434;0.000000000000000e+00;6.045497379755019e+19;1.190448266207650e+02
3.059692310079374;0.421920216111113;1.512171788797016;10.519515947289991;0.000000000000000e+00;6.185805698861942e+19;1.478646360937425e+02
3.082894876767204;0.410400777727832;1.301226444592854;10.860457763683765;0.000000000000000e+00;7.097829673407858e+19;1.551557524998693e+02
3.090500577585187;0.410043503210229;1.254032492908049;10.220064982498920;0.000000000000000e+00;7.158666915816492e+19;1.643029028724842e+02
3.103866342338984;0.409415789427850;1.129297542888890;10.032972066902287;0.000000000000000e+00;5.603095412594133e+19;1.093785442488719e+02
3.126146106323631;0.408375562393794;1.005494185448389;11.635166437837592;0.000000000000000e+00;7.046938588727072e+19;1.478611420428323e+02
3.148601702928526;0.407317826671529;1.143189825008407;12.882299133961679;0.000000000000000e+00;7.096569154851570e+19;1.261753072692188e+02
3.169083684040562;0.406361855561339;1.227396615396146;13.282416795979065;0.000000000000000e+00;8.694126692574618e+19;2.609103962778948e+02
3.178487232811928;0.441153825521518;1.227396612270109;13.551690579196645;0.000000000000000e+00;7.252656771517864e+19;2.034824218428691e+02
3.156475335527414;0.476906813242092;1.227396610625084;13.236831096328070;0.000000000000000e+00;7.482985206201716e+19;2.545134159341475e+02
3.129670224397184;0.515881058782061;1.227396613587109;12.783006293798952;0.000000000000000e+00;3.746089300559326e+19;1.946483378303183e+02
3.129273597931541;0.516427465219692;1.227396626634008;12.886462021681867;0.000000000000000e+00;7.309226512280172e+19;2.676052871138194e+02
3.103900708123167;0.549490263400591;1.227396639680908;13.855565162446171;0.000000000000000e+00;7.470916228552542e+19;2.720092666867954e+02
3.077609053903177;0.580621026010848;1.037931468926526;13.780690155016135;0.000000000000000e+00;7.619638215421298e+19;3.341948644512809e+02
3.074982664461461;0.583574596080224;0.974776224855704;13.755826308389363;0.000000000000000e+00;7.683518697198648e+19;3.383900515067094e+02
3.046037480267202;0.614458282132490;0.974776037703009;15.383281296446675;0.000000000000000e+00;5.921507434091880e+19;4.920981438769096e+02
3.017714458500070;0.641963057996461;1.043892170857638;15.297501235269870;0.000000000000000e+00;7.666200248837774e+19;5.126163804475831e+02
3.015950955171618;0.643597076699090;1.066930458096970;14.614213256205854;0.000000000000000e+00;6.695040235084430e+19;5.160236537167062e+02
2.985285700517331;0.670606152032428;1.066930034284759;14.338117891408679;0.000000000000000e+00;7.114883396050913e+19;5.681606498790878e+02
2.955758789315739;0.694362967955504;1.207258567756622;14.500733811757927;0.000000000000000e+00;6.165406315401888e+19;6.116013198837798e+02
2.954235505896254;0.695519136083596;1.254033037527300;15.331768956057390;0.000000000000000e+00;6.391608153464800e+19;5.426864522098074e+02
2.923012705888095;0.718358452762495;1.254031329474023;15.170235878800961;0.000000000000000e+00;7.016252619702524e+19;5.576725252377951e+02
2.896717945393538;0.736005075194033;1.395612470224885;13.940363146656871;0.000000000000000e+00;6.281860557235479e+19;5.034285399453456e+02
2.891369507454376;0.739427094535756;1.442799661702316;12.793981112367037;0.000000000000000e+00;4.264152386219056e+19;4.978063021802360e+02
2.859881632960112;0.758503580935023;1.442793139596127;12.406428359650555;0.000000000000000e+00;3.046815609469630e+19;4.426822569384419e+02
2.840076942717614;0.769611192879187;1.598858200483996;12.029379737686712;0.000000000000000e+00;2.401927241822323e+19;3.973503493655518e+02
2.828827641576283;0.775634722128858;1.650860548838817;10.537307690740269;0.000000000000000e+00;2.816558538306750e+19;3.688210894021977e+02
2.798173875629713;0.784499044650749;1.832288141609753;9.274194215114582;0.000000000000000e+00;3.701880325423159e+19;1.576794989283194e+02
2.785048322395320;0.770094995338759;2.146937468398534;10.632472812441820;0.000000000000000e+00;3.985090829611814e+19;1.862812717072804e+02
2.772793565721633;0.756644848005405;2.572114031689817;13.024372225030517;0.000000000000000e+00;3.614378469781373e+19;3.112321062849462e+02
2.756887113654579;0.749190339983711;2.676518575937009;10.209312971942641;0.000000000000000e+00;3.681017647395329e+19;4.842754491312598e+02
2.755969211572250;0.749187568036347;3.025030006146635;11.178014239118752;0.000000000000000e+00;3.444896807801927e+19;4.098557085727970e+02
2.732171381618573;0.749189310105855;3.608517985745508;14.307145610972094;6.354654432294592e+17;3.355636088501142e+19;3.986371469015965e+02
2.716992552848470;0.749192496729187;3.744928740576862;15.424769303436097;0.000000000000000e+00;3.021006375019258e+19;3.760928339437289e+02
2.709110675774872;0.749189605227232;3.926060186459274;12.708457279933720;1.284787830086489e+18;3.666364976722432e+19;4.050089280145737e+02
2.686500500226956;0.749189508417895;4.227771824740175;12.681133141721082;1.511741736692603e+18;3.573784415923745e+19;4.377494003151324e+02
2.680170621186232;0.749190096642083;4.298153796520073;12.616052501431737;1.077867454066770e+18;4.309019063442307e+19;4.757624898912068e+02
2.664200393590720;0.749188818033292;4.533765584653183;12.419633813531053;1.017519298856448e+18;3.632414978522713e+19;4.767275273426559e+02
2.646362105741327;0.749190494239607;4.612302847364220;14.440300197382651;3.863008383628887e+18;1.917732542593414e+19;4.206460579526696e+02
2.642408525285992;0.749188169775471;4.836317167021253;13.854397587847515;1.871489538196859e+18;3.907993184813657e+19;4.691160936157116e+02
2.621879618512742;0.749189969331693;5.221355128763240;12.588396644903860;4.782991196612953e+18;3.808466316349371e+19;6.153112907111732e+02
2.614921990891402;0.749190221488153;5.312365396067730;11.964254121885013;3.378211217567264e+18;3.303879640877539e+19;4.886906737679245e+02
2.601174440972839;0.749188775136283;5.611188576238085;13.167866986320430;5.877161844445339e+18;4.216659362585147e+19;5.361470851270577e+02
2.585667062310645;0.749190918175962;5.710796302961536;14.495399513349552;1.515501276515817e+19;3.638282998474515e+19;5.427163777671087e+02
2.580820339908483;0.749189975983785;6.001056180597327;14.916709336159256;9.879501687252601e+18;5.051400692304495e+19;5.913998409323008e+02
2.560455331035091;0.749190145380501;6.504961753289422;14.632099017831983;6.078618751059812e+18;3.734488675418001e+19;7.031947469665823e+02
2.558293068235507;0.749191404262056;6.624553631247489;14.307862686407582;1.747385518271354e+19;5.200934448917584e+19;6.895449571580874e+02
2.540101120402851;0.749191322003963;7.013728953203893;13.172023785224988;2.330870789779847e+19;4.428476314554726e+19;6.557109891743092e+02
2.532700659458456;0.749188093006812;7.143454060522695;12.605913159858428;2.589622938416694e+19;6.942694193780213e+19;8.107005709730139e+02
2.519949240462475;0.749188840193136;7.557867152257923;11.844303100586167;3.571878209167555e+19;6.690440191556195e+19;1.001865362999584e+03
2.508497404252483;0.749189143015694;7.696004849502999;10.785432923366152;3.573959633336776e+19;5.925565045814466e+19;8.176502875627783e+02
2.500958629125395;0.749190922184488;8.267942625488164;10.279873236645454;0.000000000000000e+00;7.109054218482143e+19;6.497123608089111e+02
2.486193092796515;0.749192181280849;8.426663485405232;6.644533774655250;0.000000000000000e+00;6.719349342908956e+19;7.274138867049218e+02
2.482490516318061;0.749191063668426;8.844943650057443;9.131243859402584;0.000000000000000e+00;7.857153602875104e+19;7.608442171891813e+02
2.464662985395314;0.749190205417407;8.955442985285295;11.723142102253799;0.000000000000000e+00;2.404136624240186e+20;1.328366438748383e+03
2.452538605707984;0.764155012490185;8.890371565300990;11.175815469362981;0.000000000000000e+00;2.628551702861463e+20;1.104105608937115e+03
2.452131985543784;0.765918754322633;8.608446302492188;11.777932393660000;0.000000000000000e+00;2.526393549157132e+20;1.145813082562716e+03
2.449273000476655;0.778319630501416;8.262065443851935;11.023931831535339;0.000000000000000e+00;2.428801541160772e+20;9.488107264288327e+02
2.447045334083237;0.787964789213718;8.229492346016185;10.461817188240975;0.000000000000000e+00;1.706519227700175e+20;1.033126257112381e+03
2.432758104021117;0.793774001364076;8.175483146340255;10.944730780370707;0.000000000000000e+00;1.346573292896073e+20;9.128836004074784e+02
2.426830634064914;0.791381793091304;8.132610942659895;10.870709207168895;9.044646488263698e+19;1.115000617157410e+20;1.108937145368080e+03
2.415550785471605;0.786819251427216;8.551659094975880;10.707843742184902;9.155758491744987e+19;1.358789210922546e+20;1.525170091153997e+03
2.411238801114219;0.785068853285222;8.691341812414541;10.697781079053183;1.093890821026259e+20;1.251422516377802e+20;1.531322924245234e+03
2.404632236455984;0.782417669245052;9.108598258369533;11.574153403311103;1.481714777384211e+20;1.156498350177942e+20;1.922097650461987e+03
2.393414465788926;0.777964791718358;9.818245725425275;10.886225945352040;2.516156251877876e+20;9.909691856383633e+19;2.354150898662041e+03
2.390695419184327;0.776856083851576;9.985252140118025;11.024638325558971;2.448514850117356e+20;1.094891239162014e+20;2.515003757028875e+03
2.383303861379408;0.773854266241186;10.414020444347704;11.064630254395816;2.684366285265631e+20;1.430596101630817e+20;3.362357497283426e+03
2.373778993257265;0.770013770565653;11.131575149627386;11.655468778819671;4.416812805462367e+20;1.072592541780494e+20;4.625950709044145e+03
2.371276940739348;0.769003262395461;11.299298667348999;12.353118336452045;3.994768156022409e+20;1.611185424845069e+20;4.720335548491419e+03
2.364804116121570;0.766374050233197;11.740947996871617;13.002682576226235;5.020576291978675e+20;1.488002340554420e+20;5.881067600594800e+03
2.356177131068839;0.762875820358544;12.492945816941891;12.566817609116297;6.319435136206181e+20;1.296272010669637e+20;7.061990336047518e+03
2.352899562056841;0.761553848539095;12.670003535378212;11.988417791209756;6.114382868467205e+20;1.711434389186900e+20;7.307796588832267e+03
2.347811856416908;0.759500653455230;13.169443381716796;11.945437570384200;7.956509254388871e+20;1.873560162793374e+20;9.494983364813175e+03
2.339926732895933;0.756302472857975;13.893171766882025;13.536797595951079;9.732812646398305e+20;1.944012057334939e+20;1.124648849774300e+04
2.334155309225640;0.753955025818054;14.051174587547338;15.280037694415386;8.196827052746150e+20;2.426147393481966e+20;1.200949900511542e+04
2.332174241334602;0.753155796164786;14.520088228194510;15.507224561989810;1.098479431721807e+21;2.584155297035064e+20;1.443003304829354e+04
2.324687653122238;0.750133974218110;15.154317146743773;14.308753236865245;1.263034191294806e+21;2.789073669800975e+20;1.660191507471909e+04
2.317555240511312;0.747249218090203;15.811488967211883;13.727884528848396;1.354435122466057e+21;2.339715350984482e+20;2.043152488932051e+04
2.316017389757795;0.746622164605920;15.963917557663640;14.445708800103784;1.413422052715186e+21;2.872924877388675e+20;2.084715349776095e+04
2.310753544997162;0.744483118540335;16.277068867777423;14.889890744466912;1.643261662524988e+21;3.210894351282627e+20;2.280701970560522e+04
2.303918654170984;0.741742688338084;16.795540497010588;15.662104319556065;1.798919464624791e+21;3.646915644516375e+20;2.387751537773898e+04
2.297897389706141;0.739344653387562;16.916172488402680;17.404702637119438;1.766462259359333e+21;4.102851576086532e+20;2.404584072890404e+04
2.296713987548568;0.738871922994277;17.298349541583207;16.823718080927282;2.149334063112532e+21;3.611718931701078e+20;3.290783687418191e+04
2.290814979892708;0.736495350606909;17.533135512970215;15.656429319916901;2.040706251742331e+21;4.411979667439777e+20;3.173846687236593e+04
2.284335731551927;0.733885211802480;17.846044856923694;15.140216916678945;1.995618586562351e+21;3.921767632139356e+20;3.076739444355789e+04
2.277174473222683;0.730973697031389;18.228704097052098;15.129764713906454;2.354440853724083e+21;4.952058283636377e+20;3.972596175049283e+04
2.276906015500260;0.730864620784677;18.307747073502387;15.247611647122053;2.157687880047446e+21;4.678461135470228e+20;3.542121371532919e+04
2.270403411102748;0.728228729732791;18.598110567286810;15.400205019592891;2.217764876984322e+21;4.426181571669051e+20;3.689079635326426e+04
2.263475194763962;0.725435149168003;18.518337947612739;15.477256217554716;2.249469881153733e+21;4.210383612117547e+20;3.855177041288155e+04
2.256874373576539;0.722765182929174;18.571507850482995;15.641260797333960;2.693019342605642e+21;4.976811836033204e+20;3.787014442019307e+04
2.255791037348375;0.722321284147219;18.626723545867463;16.160880082015751;2.332985521629916e+21;4.306123661892524e+20;4.010907222509594e+04
2.250075839372682;0.720001549671846;18.888815365228709;16.228272170306276;2.313463238392168e+21;4.424551630463085e+20;3.962049373257424e+04
2.242935362415300;0.717111149924755;19.436122017012924;15.945177115713365;2.051765067098933e+21;4.280960338476513e+20;3.442248312196757e+04
2.233871282471725;0.713450817354650;19.221810129383591;15.915516298386482;6.344604936117053e+20;3.374195895391662e+20;9.721182893081439e+03
2.229185330716725;0.711545185357387;19.080996043156546;14.846326652962524;9.836634489512466e+20;2.951195629511567e+20;1.745572298914422e+04
2.213241179514752;0.705170440569165;20.663379532158256;15.944213746095302;0.000000000000000e+00;2.484005916133826e+20;1.821483195197231e+03
2.207694025758138;0.702954139460153;20.890073965975937;14.540981398755729;0.000000000000000e+00;1.761642811804930e+20;1.573908085448802e+03
2.200700137305338;0.700108206883739;20.212229438383929;14.819181634641927;9.822487668764183e+20;2.790916385726633e+20;1.715811937822934e+04
2.189251451024268;0.695480979551076;18.752701663110464;13.700321082024359;9.716612750873851e+20;3.040564266587986e+20;1.682869795618451e+04
2.177187299296111;0.690592652279804;17.905113726531628;14.737088557793474;1.191851116450208e+21;2.929646695591415e+20;1.952636520278335e+04
2.168714133229115;0.687148058486872;16.868499299952692;14.898981173363479;1.241365976398768e+21;2.917496884381840e+20;1.931680931433367e+04
2.164138569502063;0.685287206695819;16.610825208172894;15.185864465959739;1.262311120464164e+21;3.028543586042222e+20;1.940546468682189e+04
2.158431590466677;0.682977728046919;16.400903316862191;15.299745180069598;1.384480932231224e+21;3.040482247511664e+20;1.988080260038418e+04
2.148187696610280;0.678841160167395;16.164226815587153;15.266074167459854;1.468019897638676e+21;3.271147998552268e+20;1.957416843770084e+04
2.137401975198329;0.674459097746584;15.870787287476769;18.343865053051616;8.549652575542856e+20;3.641596580741691e+20;1.994527478398542e+04
2.136932534693199;0.674267462144596;15.538244591520877;16.987308290812138;1.285719815495309e+21;3.082972380785630e+20;1.683692154785883e+04
2.125597767220636;0.669692102618355;15.324967032612772;14.573920586327699;1.169468206338210e+21;3.075787520098725e+20;1.460289108056517e+04
2.112840242419026;0.664603030893905;14.479333249979753;15.359596573646440;1.006718841518122e+21;2.695600622491576e+20;1.131933653151771e+04
2.103115988153293;0.660689040702489;13.953615805708889;15.437373942766598;1.074067447302874e+21;2.906880256438106e+20;1.204318165285665e+04
2.099890972608953;0.659388733700311;13.469368256902907;14.743885481644440;7.543326611052196e+20;2.470966946318125e+20;8.244272474596182e+03
2.085835039812982;0.653683247609936;12.072948600524427;13.883628682745927;4.837116253893027e+20;2.059091433568278e+20;5.111322079603999e+03
2.072727182100837;0.648391300508835;11.402900267354919;14.217190442496431;4.175994626323818e+20;2.379838833315564e+20;5.265623494254436e+03
2.069795247811051;0.647200806792741;10.805693387072751;13.962530719418547;2.769980729014568e+20;2.016448872404881e+20;3.471849839522958e+03
2.052829177027402;0.640334702770717;9.294046437873501;13.473396605154694;1.471465247311447e+20;1.963225533021922e+20;2.219665523272005e+03
2.040292240764868;0.635247467614194;8.678209809097506;14.144979312220595;1.533302677282683e+20;2.501451351385742e+20;2.410978735166142e+03
2.034726193770093;0.633005842580825;8.269262749067945;14.314178141086279;6.892487030984436e+19;1.853131038787547e+20;1.585221558187403e+03
2.015026477272707;0.625104516777396;7.292033410386658;14.767707088797689;1.919820623006327e+19;1.791698460920084e+20;1.328313149556573e+03
2.012739548429695;0.624186514888949;6.928224661749713;13.972275046995929;3.359741944964403e+19;2.043712900355762e+20;1.298589606795355e+03
1.992777722840469;0.616092460201866;6.836364317363346;14.754711292614459;7.429495491342584e+18;2.078665305751859e+20;1.162368700251494e+03
1.987398739714640;0.613924871825997;6.560783284204246;14.951701974162184;1.181792853079443e+19;1.953976614750837e+20;1.194007607012550e+03
1.967518287757581;0.605871405109621;6.534916253756369;14.641590226308967;0.000000000000000e+00;1.756319221341627e+20;1.225349981507287e+03
1.962386816602421;0.603798733194410;6.457315162412739;13.434078782764050;2.600776080216607e+18;2.005913995545699e+20;1.201182627266208e+03
1.938949763323536;0.594310432070784;6.459377607284198;15.006456798466196;4.342378669160883e+18;2.323955493074981e+20;1.373350843937747e+03
1.935923758812164;0.593102313104377;6.465564941898575;16.099083045489905;3.130322583601915e+17;2.081732352713473e+20;1.249991984680299e+03
1.908400741795869;0.582035818964734;6.466317323996083;15.986737579157113;0.000000000000000e+00;1.850002109410993e+20;1.246255779452624e+03
1.905961125113508;0.581042542632609;6.467822088191100;14.981530761107935;0.000000000000000e+00;1.423529632165487e+20;9.212620592009540e+02
1.899218701321113;0.567992780483453;6.469117338762174;14.855127306411003;0.000000000000000e+00;1.262691190332099e+20;8.709402460810603e+02
1.895904787856106;0.551602391994982;6.471393156610823;15.369922765721981;0.000000000000000e+00;1.181733674461060e+20;9.357852746342309e+02
1.891796766637278;0.533107962641234;6.474450415616868;15.666996207557103;0.000000000000000e+00;1.434387442757169e+20;8.407126628381093e+02
1.887466112639443;0.512881991360993;6.477838111013500;14.978923125269993;0.000000000000000e+00;1.473515410330884e+20;9.267619409310010e+02
1.882914017796733;0.490617194392551;6.481510595076133;15.080309233292317;0.000000000000000e+00;1.520159691965332e+20;8.398085040084645e+02
1.878161722621301;0.466274320808008;6.420015436088122;15.956832389462273;0.000000000000000e+00;1.593959107196456e+20;9.888820951720605e+02
1.873334964999428;0.440074603716410;6.291898753820341;16.501426391177674;0.000000000000000e+00;1.600343523065360e+20;9.149989887712513e+02
1.868524714008317;0.412231887315542;6.291898753820341;16.345585122303287;0.000000000000000e+00;1.638890819806160e+20;8.874243282221998e+02
1.863716952903198;0.382366492643318;6.292413991105132;16.684291250934493;0.000000000000000e+00;1.792356011645613e+20;9.341348917862688e+02
1.859054097464379;0.350881593430987;6.293995140725602;17.391036282741094;0.000000000000000e+00;1.705384057483777e+20;9.184448312876125e+02
1.854574441403934;0.317732767838493;6.295674433250376;17.713737998412267;0.000000000000000e+00;1.792370324787854e+20;9.308313214648199e+02
1.850372887371901;0.282926166450211;6.297441363544184;17.519459795236866;0.000000000000000e+00;1.673338010861653e+20;9.331354957569562e+02
1.846503854355482;0.246650879576210;6.299297004528408;17.269876565398537;0.000000000000000e+00;1.548436872418367e+20;8.651522325884043e+02
1.843061125313253;0.208983385346260;6.301209189400564;16.347021705658896;0.000000000000000e+00;1.584208523486214e+20;8.899077071955370e+02
1.840087789749328;0.169847378287941;6.303143630120393;16.197253583307162;0.000000000000000e+00;1.759921360774330e+20;9.712863122814973e+02
1.837665242610002;0.129374756063472;6.305067999546286;16.326582057277125;0.000000000000000e+00;1.742407677717155e+20;9.191575993685034e+02
1.835843671685109;0.087486745252693;6.306964212188142;16.520321561890487;0.000000000000000e+00;1.719345337180932e+20;9.488513753041174e+02
1.834706767538312;0.044324206607428;6.308816349565860;15.958451676146955;0.000000000000000e+00;1.991801568973215e+20;1.005255471892639e+03