# Target erosion - outer     : b2mn     B2.5 bjb99/7 SOLPS-ITER  2019-10-17  16:26 bonninx ITER#2400_(F57-100-Ne_0.6%-Be0,_tau=0.19e-6,_ntime=150)     
# x	 : coordinate along target [m]. <0 in PFR
# XX_flux_atm	 : incident flux of neutral atoms of species XX [1/m^2/s]
# XX_flux_ion	 : incident flux of ions of species XX [1/m^2/s]
# XX_temp_atm	 : temperature of neutral atoms of species XX [eV]
# XX_pres_atm	 : pressure of neutral atoms of species XX [Pa]
# XX_flux_mol	 : incident flux of molecules XX [1/m^2/s]
# XX_pres_mol	 : pressure of molecules XX [Pa]
# XX_sput	 : gross sputtering of material XX [g/y]
# XX_ersn	 : gross erosion of material XX [mm/y]
# xMP	 : radial coordinate in midplane (IMP for inner target(s), OMP for outer(s)) [m]
#           x	 D_flux_atm 	 D_temp_atm 	 D_pres_atm 	 He_flux_atm	 He_temp_atm	 He_pres_atm	 Ne_flux_atm	 Ne_temp_atm	 Ne_pres_atm	 D_flux_ion 	 He_flux_ion	 Ne_flux_ion	 D2_flux_mol	 D2_pres_mol	         xMP	
-1.03535E-01	 9.91628E+21	 2.82296E-01	 1.89864E-01	 0.00000E+00	 1.00001E-06	 0.00000E+00	 4.05347E+20	 1.56989E-01	 4.39265E-02	 2.13282E+21	 1.78225E+19	 1.32118E+19	 2.30036E+23	 6.73507E+00	-3.12334E-01	
-9.20605E-02	 9.85623E+21	 1.20772E+00	 1.94089E-01	 2.00673E+21	 5.63894E-02	 1.96519E-02	 2.96005E+20	 1.68690E-01	 2.16344E-02	 4.57043E+21	 3.24388E+19	 2.39125E+19	 1.65404E+23	 6.43897E+00	-2.92840E-01	
-8.06465E-02	 5.44248E+21	 1.97728E-01	 3.92130E-02	 0.00000E+00	 1.00001E-06	 0.00000E+00	 4.18503E+20	 1.35445E-01	 3.43334E-02	 1.06576E+22	 5.91630E+19	 4.31139E+19	 1.80885E+23	 5.96276E+00	-2.72466E-01	
-6.94364E-02	 1.56056E+22	 4.70224E-01	 3.80886E-01	 2.64104E+21	 1.95296E-01	 6.88630E-02	 3.22271E+20	 2.05623E-01	 3.39628E-02	 1.46860E+22	 6.54347E+19	 4.67617E+19	 1.58891E+23	 6.17269E+00	-2.51176E-01	
-5.85124E-02	 2.83681E+21	 9.01970E-01	 1.60311E-01	 2.69207E+21	 3.32701E-01	 1.55568E-01	 3.75914E+20	 2.28448E-01	 4.31051E-02	 3.32423E+22	 1.26210E+20	 8.78496E+19	 1.81921E+23	 8.58031E+00	-2.29260E-01	
-4.80259E-02	 3.07378E+22	 5.88320E-01	 6.47365E-01	 0.00000E+00	 5.94070E-01	 6.08766E-02	 2.50117E+20	 3.75627E-01	 4.47178E-02	 5.88873E+22	 2.04014E+20	 1.36969E+20	 1.87184E+23	 9.72465E+00	-2.06601E-01	
-3.81088E-02	 2.70139E+22	 9.48277E-01	 8.57727E-01	 0.00000E+00	 1.20304E-01	 5.00084E-02	 1.65617E+20	 2.99423E-01	 3.80859E-02	 8.55774E+22	 2.83952E+20	 1.82061E+20	 2.27949E+23	 1.34678E+01	-1.82801E-01	
-2.88573E-02	 5.23604E+22	 8.73178E-01	 4.52402E+00	 0.00000E+00	 1.00001E-06	 0.00000E+00	 2.56988E+20	 2.85050E-01	 4.59470E-02	 1.34042E+23	 4.50555E+20	 2.73419E+20	 3.49205E+23	 2.35432E+01	-1.58261E-01	
-2.05470E-02	 7.89890E+22	 7.98726E-01	 3.94728E+00	 0.00000E+00	 1.00001E-06	 0.00000E+00	 4.22442E+20	 2.62617E-01	 5.99109E-02	 2.02968E+23	 7.18367E+20	 4.11098E+20	 4.19809E+23	 2.77113E+01	-1.32590E-01	
-1.31953E-02	 1.62140E+23	 7.17906E-01	 1.02176E+01	 0.00000E+00	 3.47160E-01	 9.53444E-02	 4.21329E+20	 3.18839E-01	 9.19618E-02	 2.32528E+23	 8.66320E+20	 4.65614E+20	 6.37426E+23	 4.25084E+01	-1.05325E-01	
-6.94852E-03	 3.68452E+23	 7.04239E-01	 1.58169E+01	 9.44588E+21	 3.38784E-01	 8.24299E-01	 6.95052E+20	 3.83888E-01	 1.25275E-01	 3.31281E+23	 1.28189E+21	 6.50087E+20	 1.02069E+24	 6.89016E+01	-7.58445E-02	
-2.07704E-03	 4.96579E+23	 8.62482E-01	 3.30318E+01	 0.00000E+00	 1.00001E-06	 0.00000E+00	 9.92401E+20	 4.00724E-01	 1.65178E-01	 4.48793E+23	 1.77941E+21	 8.62618E+20	 1.33469E+24	 8.61394E+01	-3.01534E-02	
 4.33180E-03	 7.55635E+23	 9.43734E-01	 4.87066E+01	 0.00000E+00	 1.00001E-06	 0.00000E+00	 1.55077E+21	 5.04514E-01	 2.52247E-01	 5.50989E+23	 2.26791E+21	 1.04459E+21	 1.66808E+24	 1.10045E+02	 6.19712E-04	
 1.52975E-02	 1.06972E+24	 1.21179E+00	 8.55023E+01	 0.00000E+00	 1.00001E-06	 0.00000E+00	 1.29021E+21	 6.05466E-01	 3.41740E-01	 1.02423E+24	 4.32323E+21	 1.91017E+21	 1.79156E+24	 1.08923E+02	 2.16424E-03	
 3.06837E-02	 1.71477E+24	 2.30903E+00	 1.45726E+02	 0.00000E+00	 7.79512E+00	 1.79074E-01	 4.62224E+20	 9.70496E-01	 2.82526E-01	 1.14102E+24	 2.01060E+21	 1.42493E+21	 7.66669E+23	 5.12686E+01	 4.27629E-03	
 5.03633E-02	 8.04237E+23	 3.62662E+00	 8.87454E+01	 0.00000E+00	 4.05578E+00	 5.34602E-02	 1.06743E+20	 1.15178E+00	 2.45117E-01	 7.55044E+23	 5.26783E+20	 1.15110E+21	 1.15180E+23	 8.46782E+00	 6.89567E-03	
 7.44887E-02	 4.60716E+23	 3.68725E+00	 6.00209E+01	 0.00000E+00	 1.00001E-06	 0.00000E+00	 1.25041E+20	 1.37990E+00	 3.28441E-01	 5.32672E+23	 4.92554E+20	 1.58687E+21	 6.85467E+22	 6.13113E+00	 9.97885E-03	
 1.03271E-01	 3.19289E+23	 3.50117E+00	 3.90475E+01	 0.00000E+00	 4.29380E+00	 4.79309E-02	 8.69362E+19	 1.11286E+00	 2.49013E-01	 3.76586E+23	 7.30077E+20	 1.52732E+21	 4.42824E+22	 5.14000E+00	 1.34739E-02	
 1.36993E-01	 2.02343E+23	 3.58652E+00	 2.49590E+01	 0.00000E+00	 7.30470E-02	 4.74017E-03	 5.89056E+19	 8.89698E-01	 2.60268E-01	 2.70735E+23	 1.06048E+21	 1.55729E+21	 3.26905E+22	 3.59287E+00	 1.73291E-02	
 1.76414E-01	 1.21048E+23	 4.36233E+00	 1.95008E+01	 0.00000E+00	 5.86761E+00	 2.12180E-01	 6.84226E+19	 9.42126E-01	 2.25571E-01	 1.82271E+23	 1.40821E+21	 1.27826E+21	 1.20343E+22	 1.56443E+00	 2.14926E-02	
 2.22747E-01	 7.37886E+22	 4.06821E+00	 1.23188E+01	 0.00000E+00	 6.47410E+00	 7.62986E-02	 2.02801E+19	 1.09111E+00	 1.43537E-01	 1.20355E+23	 1.31022E+21	 8.61503E+20	 1.02070E+22	 1.16641E+00	 2.59135E-02	
 2.78238E-01	 4.22834E+22	 4.47854E+00	 7.25671E+00	 0.00000E+00	 3.33274E-01	 1.92411E-02	 1.08123E+19	 9.87673E-01	 9.85927E-02	 6.46496E+22	 9.52485E+20	 5.73210E+20	 6.14060E+21	 7.83396E-01	 3.05443E-02	
 3.35005E-01	 2.88935E+22	 5.34908E+00	 5.99210E+00	 0.00000E+00	 1.12422E-01	 8.70195E-03	 8.90313E+18	 8.03371E-01	 8.79002E-02	 5.68734E+22	 1.15746E+21	 5.96655E+20	 5.24337E+21	 6.23424E-01	 3.53323E-02	
 3.99317E-01	 2.09132E+22	 4.33762E+00	 3.18366E+00	 3.91610E+20	 3.59892E-01	 6.70363E-02	 8.83467E+18	 8.43585E-01	 5.97914E-02	 2.74816E+22	 6.94720E+20	 3.97636E+20	 2.01045E+21	 3.05745E-01	 4.02217E-02	
 5.20543E-01	 3.88149E+21	 7.23861E+00	 8.69658E-01	 0.00000E+00	 1.00001E-06	 0.00000E+00	 9.72983E+17	 7.86202E-01	 2.46625E-02	 8.20300E+21	 2.35948E+20	 1.64913E+20	 4.26058E+20	 5.98092E-02	 4.51628E-02	
 6.81332E-01	 4.11330E+21	 4.63653E+00	 7.72805E-01	 0.00000E+00	 1.96525E-01	 2.56779E-03	 0.00000E+00	 5.44877E-01	 1.72812E-02	 5.75836E+21	 1.84528E+20	 1.29793E+20	 3.73537E+20	 4.83962E-02	 5.01094E-02	
 8.46718E-01	 2.59366E+21	 3.32335E+00	 3.43066E-01	 0.00000E+00	 1.01219E+01	 3.40790E-03	 9.01319E+17	 5.09831E-01	 1.24706E-02	 3.18710E+21	 1.14245E+20	 7.95753E+19	 8.16596E+19	 2.94101E-02	 5.50328E-02	
 9.89119E-01	 1.14146E+21	 1.09556E+01	 2.98970E-01	 0.00000E+00	 1.16432E-01	 4.25955E-03	 1.42482E+18	 4.48900E-01	 9.40696E-03	 3.00295E+21	 1.18913E+20	 7.74806E+19	 0.00000E+00	 1.74254E-02	 5.98723E-02	
 1.07852E+00	 1.34932E+21	 7.03783E+00	 1.76817E-01	 0.00000E+00	 1.50064E-01	 5.05808E-03	 0.00000E+00	 2.38441E-01	 9.51817E-03	 3.12710E+21	 1.19085E+20	 7.31343E+19	 0.00000E+00	 1.22669E-02	 6.45480E-02	
 1.14254E+00	 8.84547E+17	 1.55595E+01	 1.62919E-01	 0.00000E+00	 1.00001E-06	 0.00000E+00	 0.00000E+00	 3.83723E-01	 8.82281E-03	 2.75077E+21	 1.05238E+20	 5.76527E+19	 0.00000E+00	 9.62889E-03	 6.90095E-02	
 1.19041E+00	 2.59246E+21	 5.43728E+00	 5.16539E-01	 0.00000E+00	 1.00001E-06	 0.00000E+00	 5.25209E+15	 4.31072E-01	 7.01227E-03	 3.14293E+21	 1.17693E+20	 6.15138E+19	 0.00000E+00	 1.72051E-02	 7.32049E-02	
 1.22419E+00	 1.68846E+18	 1.69519E+01	 7.83976E-01	 0.00000E+00	 1.00001E-06	 0.00000E+00	 5.09907E+18	 7.83186E-01	 1.04982E-02	 2.36390E+21	 9.85373E+19	 5.00082E+19	 0.00000E+00	 6.31865E-03	 7.70976E-02	
 1.25249E+00	 1.85365E+21	 1.12510E+01	 5.79125E-01	 0.00000E+00	 1.00001E-06	 0.00000E+00	 7.36329E+15	 1.01046E-01	 7.69730E-04	 2.05585E+21	 7.36194E+19	 3.34958E+19	 0.00000E+00	 6.07018E-03	 8.06382E-02	
 1.27694E+00	 1.18397E+21	 4.12511E+00	 7.06262E-02	 0.00000E+00	 1.00001E-06	 0.00000E+00	 0.00000E+00	 1.43554E-01	 5.59095E-04	 1.41927E+21	 5.17607E+19	 2.27305E+19	 0.00000E+00	 1.51462E-02	 8.37559E-02	
 1.29671E+00	 1.64914E+21	 1.31328E+01	 7.36831E-01	 0.00000E+00	 1.00001E-06	 0.00000E+00	 0.00000E+00	 2.09522E-01	 1.43283E-04	 1.04848E+21	 3.51687E+19	 1.38202E+19	 0.00000E+00	 8.66915E-05	 8.63932E-02	
 1.31017E+00	 6.87772E+20	 5.70200E+00	 1.04669E-01	 0.00000E+00	 1.00001E-06	 0.00000E+00	 0.00000E+00	 1.00001E-06	 0.00000E+00	 6.33866E+20	 2.15245E+19	 8.62246E+18	 0.00000E+00	 5.34370E-05	 8.84972E-02	
