# Target erosion - outer     : b2mn     B2.5 bjb99/7 SOLPS-ITER  2019-10-17  16:24 bonninx ITER#2402_(F57-100-Ne_0.6%-Be0,_tau=0.19e-6,_ntime=150)     
# x	 : coordinate along target [m]. <0 in PFR
# XX_flux_atm	 : incident flux of neutral atoms of species XX [1/m^2/s]
# XX_flux_ion	 : incident flux of ions of species XX [1/m^2/s]
# XX_temp_atm	 : temperature of neutral atoms of species XX [eV]
# XX_pres_atm	 : pressure of neutral atoms of species XX [Pa]
# XX_flux_mol	 : incident flux of molecules XX [1/m^2/s]
# XX_pres_mol	 : pressure of molecules XX [Pa]
# XX_sput	 : gross sputtering of material XX [g/y]
# XX_ersn	 : gross erosion of material XX [mm/y]
# xMP	 : radial coordinate in midplane (IMP for inner target(s), OMP for outer(s)) [m]
#           x	 D_flux_atm 	 D_temp_atm 	 D_pres_atm 	 He_flux_atm	 He_temp_atm	 He_pres_atm	 Ne_flux_atm	 Ne_temp_atm	 Ne_pres_atm	 D_flux_ion 	 He_flux_ion	 Ne_flux_ion	 D2_flux_mol	 D2_pres_mol	         xMP	
-1.03535E-01	 2.35984E+22	 5.84181E-01	 5.20939E-01	 6.29072E+19	 5.54289E-02	 1.04205E-03	 7.13498E+20	 1.11479E-01	 4.41663E-02	 1.63780E+21	 1.53930E+19	 2.18788E+19	 3.57983E+23	 1.13237E+01	-3.12334E-01	
-9.20605E-02	 1.75181E+22	 2.01036E-01	 3.02447E-01	 6.33247E+19	 2.87565E-01	 3.02865E-03	 5.71322E+20	 1.59087E-01	 4.19918E-02	 2.74746E+21	 2.10430E+19	 2.98181E+19	 3.89664E+23	 1.44965E+01	-2.92840E-01	
-8.06465E-02	 1.90626E+20	 1.32335E-01	 1.66199E-03	 0.00000E+00	 1.00001E-06	 0.00000E+00	 6.45126E+20	 1.40749E-01	 5.35031E-02	 7.05660E+21	 3.99734E+19	 5.63336E+19	 3.20269E+23	 9.48144E+00	-2.72466E-01	
-6.94364E-02	 3.28013E+20	 3.42682E-01	 1.61133E-01	 0.00000E+00	 1.84036E-01	 3.40680E-04	 5.98884E+20	 1.82758E-01	 5.42164E-02	 1.52127E+22	 6.42806E+19	 8.95634E+19	 3.46898E+23	 1.34148E+01	-2.51176E-01	
-5.85124E-02	 5.51494E+22	 1.96166E-01	 3.47731E-01	 3.34676E+19	 1.73026E-01	 1.75109E-03	 4.72821E+20	 2.06656E-01	 5.44364E-02	 2.26155E+22	 7.16336E+19	 9.80676E+19	 2.88731E+23	 1.10283E+01	-2.29260E-01	
-4.80259E-02	 2.92644E+22	 7.56273E-01	 1.25578E+00	 3.56634E+19	 2.94401E-01	 8.32337E-04	 6.06319E+20	 1.81738E-01	 5.58576E-02	 4.93485E+22	 1.33394E+20	 1.77993E+20	 3.45544E+23	 1.61157E+01	-2.06601E-01	
-3.81088E-02	 7.05244E+22	 7.89122E-01	 1.17007E+00	 0.00000E+00	 6.76872E-01	 9.71691E-04	 3.26160E+20	 2.70397E-01	 4.86343E-02	 7.81567E+22	 2.00883E+20	 2.58845E+20	 5.64956E+23	 2.63149E+01	-1.82801E-01	
-2.88573E-02	 8.17127E+22	 5.47449E-01	 3.50654E+00	 8.20744E+19	 9.81045E-01	 2.89649E-03	 4.77164E+20	 2.95590E-01	 7.79481E-02	 1.22841E+23	 3.21825E+20	 3.97137E+20	 5.94489E+23	 3.59132E+01	-1.58261E-01	
-2.05470E-02	 1.65610E+23	 7.52188E-01	 4.01254E+00	 4.64305E+19	 8.82089E-01	 2.33038E-03	 8.53951E+20	 2.92501E-01	 1.06211E-01	 1.58597E+23	 4.46705E+20	 5.24162E+20	 8.16338E+23	 4.56403E+01	-1.32590E-01	
-1.31953E-02	 1.35037E+23	 7.48487E-01	 6.20646E+00	 0.00000E+00	 1.00001E-06	 0.00000E+00	 7.24053E+20	 2.82708E-01	 1.34472E-01	 2.29641E+23	 6.96818E+20	 7.75734E+20	 1.13687E+24	 6.87215E+01	-1.05325E-01	
-6.94852E-03	 3.20374E+23	 6.05265E-01	 1.75851E+01	 0.00000E+00	 1.00001E-06	 0.00000E+00	 1.74036E+21	 4.01771E-01	 2.56282E-01	 2.82556E+23	 9.12957E+20	 9.64578E+20	 1.57370E+24	 1.03812E+02	-7.58445E-02	
-2.07704E-03	 3.53687E+23	 7.06902E-01	 3.22191E+01	 1.74337E+20	 2.56175E-01	 6.04742E-03	 1.75884E+21	 3.73023E-01	 2.82294E-01	 3.46051E+23	 1.19865E+21	 1.21042E+21	 1.80874E+24	 1.18814E+02	-3.01534E-02	
 4.33180E-03	 7.19916E+23	 6.97580E-01	 5.35663E+01	 8.35921E+19	 3.55320E-01	 4.54443E-03	 2.04581E+21	 4.04115E-01	 2.78895E-01	 3.89351E+23	 1.47116E+21	 1.40418E+21	 3.59338E+24	 2.14287E+02	 6.19712E-04	
 1.52975E-02	 1.60983E+24	 8.00271E-01	 8.16056E+01	 0.00000E+00	 1.00001E-06	 0.00000E+00	 2.69275E+21	 4.40190E-01	 3.45079E-01	 5.49417E+23	 2.20641E+21	 1.94052E+21	 3.91703E+24	 2.12778E+02	 2.16424E-03	
 3.06837E-02	 1.58257E+24	 1.32144E+00	 1.22891E+02	 1.29664E+22	 8.58902E-01	 1.23018E+00	 2.43179E+21	 6.27001E-01	 5.01180E-01	 1.05858E+24	 3.26837E+21	 2.74374E+21	 2.61596E+24	 1.58750E+02	 4.27629E-03	
 5.03633E-02	 1.39652E+24	 2.31869E+00	 1.22517E+02	 0.00000E+00	 1.00001E-06	 0.00000E+00	 4.74300E+20	 1.12744E+00	 3.51077E-01	 8.87910E+23	 9.46451E+20	 1.78877E+21	 5.13159E+23	 3.80369E+01	 6.89567E-03	
 7.44887E-02	 5.02020E+23	 2.73399E+00	 4.99357E+01	 0.00000E+00	 1.00001E-06	 0.00000E+00	 1.64734E+20	 1.09101E+00	 2.54086E-01	 5.07944E+23	 4.42121E+20	 1.42707E+21	 1.62748E+23	 1.17578E+01	 9.97885E-03	
 1.03271E-01	 3.09673E+23	 2.92672E+00	 3.36362E+01	 0.00000E+00	 8.34480E-01	 7.75231E-02	 1.12294E+20	 1.12224E+00	 3.12188E-01	 3.72508E+23	 6.06063E+20	 1.54053E+21	 7.22412E+22	 7.32701E+00	 1.34739E-02	
 1.36993E-01	 2.61458E+23	 3.17608E+00	 3.54868E+01	 0.00000E+00	 1.00001E-06	 0.00000E+00	 9.76602E+19	 1.24312E+00	 2.46083E-01	 2.76933E+23	 7.96084E+20	 1.40725E+21	 5.96242E+22	 5.74170E+00	 1.73291E-02	
 1.76414E-01	 1.61560E+23	 3.80564E+00	 2.19760E+01	 0.00000E+00	 1.00001E-06	 0.00000E+00	 6.75203E+19	 1.06192E+00	 2.44470E-01	 1.88341E+23	 9.35859E+20	 1.14545E+21	 2.78984E+22	 2.57982E+00	 2.14926E-02	
 2.22747E-01	 8.29159E+22	 4.11491E+00	 1.41155E+01	 0.00000E+00	 1.00001E-06	 0.00000E+00	 3.97565E+19	 7.18590E-01	 1.17795E-01	 1.35019E+23	 9.24650E+20	 8.97009E+20	 2.18799E+22	 2.20527E+00	 2.59135E-02	
 2.78238E-01	 4.41583E+22	 3.57371E+00	 7.86859E+00	 0.00000E+00	 1.55190E-01	 9.14788E-03	 4.28040E+19	 1.43985E+00	 1.78469E-01	 7.16002E+22	 6.80342E+20	 7.63130E+20	 7.07954E+21	 6.22628E-01	 3.05443E-02	
 3.35005E-01	 5.03171E+22	 4.06258E+00	 5.87503E+00	 0.00000E+00	 1.00001E-06	 0.00000E+00	 4.45974E+19	 8.42097E-01	 1.50143E-01	 6.55200E+22	 6.93125E+20	 7.27073E+20	 7.22037E+21	 8.46230E-01	 3.53323E-02	
 3.99317E-01	 2.87483E+22	 4.84265E+00	 4.70101E+00	 0.00000E+00	 1.00001E-06	 0.00000E+00	 3.75460E+18	 1.05885E+00	 6.02461E-02	 3.00280E+22	 3.78441E+20	 4.28921E+20	 4.04130E+21	 3.80995E-01	 4.02217E-02	
 5.20543E-01	 9.41908E+21	 7.33964E+00	 2.25121E+00	 0.00000E+00	 3.46827E+00	 2.88879E-02	 1.69570E+18	 7.46078E-01	 2.66882E-02	 9.09391E+21	 1.22756E+20	 1.63562E+20	 1.14600E+21	 1.88100E-01	 4.51628E-02	
 6.81332E-01	 7.46439E+21	 8.14407E+00	 1.96164E+00	 0.00000E+00	 1.75210E-01	 9.34140E-03	 0.00000E+00	 1.00518E+00	 1.94528E-02	 6.53017E+21	 9.27078E+19	 1.22684E+20	 7.28797E+20	 8.67199E-02	 5.01094E-02	
 8.46718E-01	 2.68084E+21	 7.88314E+00	 3.70966E-01	 3.90991E+20	 1.60358E-01	 2.27495E-02	 0.00000E+00	 1.25204E+00	 1.27277E-02	 3.97920E+21	 5.74700E+19	 7.17096E+19	 0.00000E+00	 1.55039E-02	 5.50328E-02	
 9.89119E-01	 6.30546E+20	 2.13783E+01	 1.76989E-01	 0.00000E+00	 1.00001E-06	 0.00000E+00	 0.00000E+00	 5.01006E-01	 2.39845E-03	 3.62700E+21	 6.03495E+19	 6.84951E+19	 0.00000E+00	 1.11814E-02	 5.98723E-02	
 1.07852E+00	 2.75058E+21	 2.56306E+00	 2.67857E-01	 0.00000E+00	 1.00001E-06	 0.00000E+00	 0.00000E+00	 1.92807E-01	 2.24011E-03	 3.84711E+21	 5.91378E+19	 5.70993E+19	 0.00000E+00	 4.95377E-02	 6.45480E-02	
 1.14254E+00	 0.00000E+00	 1.46837E+00	 2.92586E-03	 0.00000E+00	 1.00001E-06	 0.00000E+00	 0.00000E+00	 7.50981E-02	 8.51429E-04	 3.09963E+21	 4.99254E+19	 4.41535E+19	 6.06895E+20	 1.80568E-02	 6.90095E-02	
 1.19041E+00	 9.42019E+20	 1.46837E+00	 3.10929E-02	 0.00000E+00	 1.00001E-06	 0.00000E+00	 3.94151E+15	 1.21987E-01	 1.25703E-03	 3.56187E+21	 5.50379E+19	 4.41545E+19	 4.84502E+20	 3.12781E-03	 7.32049E-02	
 1.22419E+00	 2.07471E+18	 1.88103E+00	 2.44090E-04	 0.00000E+00	 1.00001E-06	 0.00000E+00	 0.00000E+00	 6.70677E-01	 4.48240E-03	 2.78834E+21	 4.45296E+19	 3.33890E+19	 0.00000E+00	 0.00000E+00	 7.70976E-02	
 1.25249E+00	 0.00000E+00	 1.00001E-06	 0.00000E+00	 0.00000E+00	 1.00001E-06	 0.00000E+00	 0.00000E+00	 5.60789E-02	 2.59867E-04	 2.09523E+21	 3.35583E+19	 2.57888E+19	 0.00000E+00	 0.00000E+00	 8.06382E-02	
 1.27694E+00	 0.00000E+00	 2.56190E+01	 4.51429E-01	 0.00000E+00	 1.00001E-06	 0.00000E+00	 0.00000E+00	 1.00001E-06	 0.00000E+00	 1.54563E+21	 2.36894E+19	 1.62883E+19	 0.00000E+00	 0.00000E+00	 8.37559E-02	
 1.29671E+00	 0.00000E+00	 1.00001E-06	 0.00000E+00	 0.00000E+00	 1.00001E-06	 0.00000E+00	 0.00000E+00	 9.23090E+01	 1.57999E-02	 1.09672E+21	 1.61610E+19	 1.12257E+19	 0.00000E+00	 0.00000E+00	 8.63932E-02	
 1.31017E+00	 6.23035E+18	 7.39843E+01	 1.59892E-03	 0.00000E+00	 1.00001E-06	 0.00000E+00	 0.00000E+00	 1.00001E-06	 0.00000E+00	 6.96876E+20	 9.53472E+18	 6.11992E+18	 0.00000E+00	 4.54994E-05	 8.84972E-02	
