# Target erosion - inner     : b2mn     B2.5 bjb99/7 SOLPS-ITER  2019-10-17  16:29 bonninx ITER#2396_(F57-100-Ne_0.6%-Be0,_tau=0.36e-6,_ntime=150)     
# x	 : coordinate along target [m]. <0 in PFR
# XX_flux_atm	 : incident flux of neutral atoms of species XX [1/m^2/s]
# XX_flux_ion	 : incident flux of ions of species XX [1/m^2/s]
# XX_temp_atm	 : temperature of neutral atoms of species XX [eV]
# XX_pres_atm	 : pressure of neutral atoms of species XX [Pa]
# XX_flux_mol	 : incident flux of molecules XX [1/m^2/s]
# XX_pres_mol	 : pressure of molecules XX [Pa]
# XX_sput	 : gross sputtering of material XX [g/y]
# XX_ersn	 : gross erosion of material XX [mm/y]
# xMP	 : radial coordinate in midplane (IMP for inner target(s), OMP for outer(s)) [m]
#           x	 D_flux_atm 	 D_temp_atm 	 D_pres_atm 	 He_flux_atm	 He_temp_atm	 He_pres_atm	 Ne_flux_atm	 Ne_temp_atm	 Ne_pres_atm	 D_flux_ion 	 He_flux_ion	 Ne_flux_ion	 D2_flux_mol	 D2_pres_mol	         xMP	
-8.92075E-02	 7.12773E+21	 3.80914E-01	 1.86540E-01	 4.17052E+21	 5.36431E-01	 3.14595E-01	 2.37786E+20	 1.09970E-01	 1.64758E-02	 1.92263E+21	 7.82471E+19	 1.02204E+19	 1.83475E+23	 5.83875E+00	-3.12334E-01	
-7.91424E-02	 4.86223E+21	 1.43663E-01	 7.53817E-02	 1.52030E+22	 3.55081E-01	 9.41099E-01	 2.85038E+20	 1.44548E-01	 2.06798E-02	 3.66482E+21	 1.22181E+20	 1.57573E+19	 1.79592E+23	 6.12674E+00	-2.92840E-01	
-6.91455E-02	 1.59520E+22	 6.57486E-01	 2.68751E-01	 1.10184E+22	 1.26513E-01	 3.28328E-01	 2.15055E+20	 1.29606E-01	 1.72326E-02	 9.07852E+21	 2.43329E+20	 3.05223E+19	 1.50198E+23	 6.15889E+00	-2.72466E-01	
-5.93524E-02	 1.96941E+22	 3.19358E-01	 6.12873E-01	 7.32291E+21	 2.15701E-01	 2.92071E-01	 1.66005E+20	 1.66030E-01	 1.66207E-02	 1.71957E+22	 3.93561E+20	 4.70830E+19	 1.80426E+23	 8.15757E+00	-2.51176E-01	
-4.98971E-02	 1.51920E+22	 4.40462E-01	 4.85143E-01	 4.52136E+21	 4.84770E-01	 1.48870E-01	 2.04278E+20	 3.31701E-01	 3.66668E-02	 2.37724E+22	 4.96608E+20	 5.54290E+19	 1.52321E+23	 8.01311E+00	-2.29260E-01	
-4.08315E-02	 3.03992E+22	 5.46518E-01	 1.19363E+00	 1.61705E+21	 3.40496E-01	 2.11157E-01	 2.30731E+20	 2.16741E-01	 2.59081E-02	 4.50152E+22	 8.78691E+20	 9.00483E+19	 1.77301E+23	 1.08626E+01	-2.06601E-01	
-3.23276E-02	 5.27362E+22	 7.97151E-01	 2.02161E+00	 5.05791E+21	 7.22731E-01	 6.00349E-01	 2.62773E+20	 2.62156E-01	 3.56301E-02	 7.98813E+22	 1.53608E+21	 1.41559E+20	 2.23817E+23	 1.35518E+01	-1.82801E-01	
-2.45052E-02	 9.70655E+22	 7.24442E-01	 4.79273E+00	 1.90565E+21	 5.21755E-01	 4.07972E-01	 2.43078E+20	 3.53454E-01	 5.57291E-02	 1.31614E+23	 2.62365E+21	 2.13421E+20	 3.62808E+23	 2.24790E+01	-1.58261E-01	
-1.73830E-02	 1.49288E+23	 8.49152E-01	 8.45481E+00	 1.42132E+22	 6.18749E-01	 1.64256E+00	 3.06995E+20	 3.28926E-01	 5.59369E-02	 2.07325E+23	 4.48984E+21	 3.18839E+20	 5.05943E+23	 3.20470E+01	-1.32590E-01	
-1.11171E-02	 2.69434E+23	 7.78303E-01	 1.33183E+01	 3.09928E+22	 7.01111E-01	 2.67651E+00	 2.23450E+20	 3.68946E-01	 6.20876E-02	 2.86607E+23	 6.97952E+21	 4.36313E+20	 8.52962E+23	 5.13231E+01	-1.05325E-01	
-5.89663E-03	 3.76026E+23	 8.23277E-01	 2.24367E+01	 5.90250E+21	 5.78906E-01	 1.33411E+00	 5.16616E+20	 4.62186E-01	 1.14799E-01	 3.72843E+23	 9.96703E+21	 5.62540E+20	 9.97963E+23	 6.70256E+01	-7.58445E-02	
-1.77909E-03	 6.13822E+23	 8.94213E-01	 4.78471E+01	 3.08082E+22	 6.90866E-01	 1.67671E+00	 6.42186E+20	 5.61706E-01	 1.55781E-01	 5.36162E+23	 1.48358E+22	 7.88740E+20	 1.50467E+24	 9.05764E+01	-3.01534E-02	
 3.61252E-03	 1.03893E+24	 1.08778E+00	 8.09975E+01	 4.25751E+22	 8.02884E-01	 3.76238E+00	 1.09754E+21	 5.82108E-01	 2.10849E-01	 7.82209E+23	 2.21577E+22	 1.13114E+21	 1.86392E+24	 1.24580E+02	 6.19712E-04	
 1.27332E-02	 1.56711E+24	 1.41619E+00	 1.26994E+02	 2.25574E+22	 9.46009E-01	 2.04764E+00	 9.27039E+20	 7.40313E-01	 2.48428E-01	 1.22724E+24	 2.89539E+22	 1.72755E+21	 1.85000E+24	 1.18016E+02	 2.16424E-03	
 2.53971E-02	 1.84106E+24	 2.23590E+00	 1.38034E+02	 6.84954E+21	 1.25025E+00	 1.14805E+00	 5.93821E+20	 9.96437E-01	 2.91127E-01	 1.17789E+24	 1.06520E+22	 1.48820E+21	 7.71263E+23	 5.00688E+01	 4.27629E-03	
 4.15026E-02	 1.02613E+24	 2.78664E+00	 9.25903E+01	 2.88826E+21	 1.30390E+00	 7.18051E-01	 3.64632E+20	 1.10004E+00	 3.52377E-01	 8.56307E+23	 9.87774E+21	 1.96054E+21	 2.52949E+23	 1.73691E+01	 6.89567E-03	
 6.10180E-02	 7.14938E+23	 2.90853E+00	 7.02214E+01	 2.42107E+21	 1.15857E+00	 9.98149E-01	 1.98405E+20	 1.06667E+00	 2.08020E-01	 6.08216E+23	 1.19756E+22	 1.19246E+21	 1.43335E+23	 1.13104E+01	 9.97885E-03	
 8.37670E-02	 5.92811E+23	 3.13162E+00	 6.50875E+01	 2.69683E+21	 5.94439E-01	 7.14759E-01	 1.42014E+20	 1.00240E+00	 1.37610E-01	 5.01796E+23	 1.50631E+22	 8.14044E+20	 1.12689E+23	 9.73045E+00	 1.34739E-02	
 1.09799E-01	 3.52383E+23	 3.23669E+00	 4.02195E+01	 1.97131E+21	 7.05623E-01	 4.68808E-01	 7.65148E+19	 9.66798E-01	 1.13087E-01	 3.27415E+23	 1.12056E+22	 6.63640E+20	 6.50171E+22	 5.00236E+00	 1.73291E-02	
 1.39190E-01	 2.10904E+23	 3.36494E+00	 2.82088E+01	 4.36703E+21	 5.40770E-01	 5.57051E-01	 6.54366E+19	 1.04501E+00	 1.30798E-01	 2.24683E+23	 8.79409E+21	 6.60837E+20	 4.55099E+22	 4.75236E+00	 2.14926E-02	
 1.72027E-01	 1.39451E+23	 3.67511E+00	 1.89758E+01	 1.98160E+21	 3.70348E-01	 2.93257E-01	 4.55599E+19	 8.79058E-01	 8.69512E-02	 1.59622E+23	 6.41684E+21	 5.24795E+20	 2.03271E+22	 2.42986E+00	 2.59135E-02	
 2.08612E-01	 7.88978E+22	 3.93418E+00	 1.16140E+01	 6.87824E+20	 6.09671E-01	 2.00757E-01	 2.81506E+19	 8.88195E-01	 8.30268E-02	 9.70805E+22	 4.62114E+21	 5.07265E+20	 1.07666E+22	 1.08967E+00	 3.05443E-02	
 2.49393E-01	 3.72585E+22	 5.62172E+00	 8.16433E+00	 3.23643E+20	 6.95765E-01	 1.30127E-01	 1.22857E+19	 7.70320E-01	 7.46474E-02	 5.76806E+22	 3.22692E+21	 4.83155E+20	 4.48472E+21	 4.54032E-01	 3.53323E-02	
 2.95098E-01	 1.98867E+22	 4.85872E+00	 3.88199E+00	 0.00000E+00	 3.07887E-01	 4.05397E-02	 6.36899E+18	 5.76013E-01	 5.35881E-02	 3.04547E+22	 2.32120E+21	 3.83831E+20	 1.51132E+21	 2.72503E-01	 4.02217E-02	
 3.43431E-01	 9.77756E+21	 5.96193E+00	 1.93486E+00	 2.73776E+20	 1.66840E-01	 3.24994E-02	 0.00000E+00	 4.50226E-01	 2.42313E-02	 1.86428E+22	 1.64371E+21	 2.88933E+20	 8.23871E+20	 1.49226E-01	 4.51628E-02	
 3.93139E-01	 5.97932E+21	 5.10598E+00	 6.64493E-01	 0.00000E+00	 9.18969E-02	 2.33741E-02	 4.41427E+18	 5.54390E-01	 2.30714E-02	 1.15947E+22	 1.00829E+21	 1.83007E+20	 3.11093E+20	 9.33319E-02	 5.01094E-02	
 4.52737E-01	 2.04166E+21	 8.05746E+00	 4.27197E-01	 0.00000E+00	 2.37373E+01	 5.31168E-02	 2.43994E+18	 5.63203E-01	 1.16665E-02	 5.68660E+21	 4.67274E+20	 6.97383E+19	 1.86601E+20	 5.90054E-02	 5.50328E-02	
 5.37700E-01	 1.13097E+21	 6.88582E+00	 3.10718E-01	 0.00000E+00	 1.68912E-01	 9.68423E-03	 0.00000E+00	 6.19067E-01	 3.56921E-03	 2.27691E+21	 1.99732E+20	 2.70856E+19	 1.29508E+20	 2.09983E-02	 5.98723E-02	
 6.43952E-01	 4.92761E+20	 3.27596E+00	 1.28249E-01	 0.00000E+00	 2.84696E-01	 1.01341E-03	 0.00000E+00	 1.42187E-01	 4.71054E-04	 1.37315E+21	 1.16279E+20	 1.54839E+19	 1.47845E+19	 9.62934E-03	 6.45480E-02	
 7.40157E-01	 8.05556E+20	 1.12093E+01	 2.19382E-01	 0.00000E+00	 3.25428E-01	 3.86666E-03	 0.00000E+00	 5.82220E-01	 1.98827E-03	 1.16751E+21	 1.02282E+20	 1.26226E+19	 7.76065E+19	 2.17544E-02	 6.90095E-02	
 8.14880E-01	 6.63095E+20	 4.98460E+00	 1.04023E-01	 0.00000E+00	 1.00001E-06	 0.00000E+00	 0.00000E+00	 7.16723E-02	 2.15428E-04	 9.68581E+20	 8.32281E+19	 1.00398E+19	 0.00000E+00	 8.18170E-03	 7.32049E-02	
 8.69042E-01	 3.05157E+20	 2.22007E+01	 2.47096E-01	 0.00000E+00	 1.00001E-06	 0.00000E+00	 0.00000E+00	 7.49321E-01	 7.79428E-04	 1.02131E+21	 8.79543E+19	 1.07639E+19	 0.00000E+00	 7.27212E-03	 7.70976E-02	
 9.08200E-01	 3.49688E+20	 2.58971E+00	 9.22933E-02	 0.00000E+00	 3.64513E-02	 1.71780E-03	 0.00000E+00	 3.51486E-01	 9.18171E-04	 7.05189E+20	 6.01647E+19	 7.66657E+18	 1.61555E+20	 1.01916E-02	 8.06382E-02	
 9.42701E-01	 1.11839E+18	 2.96643E+01	 4.13472E-04	 0.00000E+00	 1.00001E-06	 0.00000E+00	 0.00000E+00	 1.66275E-01	 1.26352E-04	 5.26666E+20	 4.21594E+19	 5.07439E+18	 3.19950E+17	 1.52873E-03	 8.37559E-02	
 9.67825E-01	 1.05258E+21	 9.06124E+00	 1.01381E-01	 0.00000E+00	 1.00001E-06	 0.00000E+00	 0.00000E+00	 1.00001E-06	 0.00000E+00	 6.21311E+20	 3.18588E+19	 3.98608E+18	 0.00000E+00	 4.67364E-03	 8.63932E-02	
 9.84451E-01	 6.99293E+17	 2.48823E+01	 7.59426E-05	 0.00000E+00	 1.00001E-06	 0.00000E+00	 0.00000E+00	 1.00001E-06	 0.00000E+00	 2.20022E+20	 1.52960E+19	 1.74414E+18	 0.00000E+00	 3.63121E-06	 8.84972E-02	
